-1.81538 9.3828 
-0.423657 5.49408 
6.36014 7.12811 
5.06715 6.56539 
5.68803 6.67876 
1.3997 9.33537 
5.54221 1.9868 
4.74089 2.8922 
9.22457 6.28157 
-2.98109 3.20741 
-1.16333 1.2336 
5.21854 4.93052 
-1.87053 7.23009 
-3.5529 6.04364 
-4.79829 7.56118 
7.81533 2.09588 
5.46373 1.81423 
2.01089 5.44626 
5.42874 -0.000108437 
5.20059 6.43551 
0.688099 9.78176 
3.67498 4.06629 
9.30517 -3.93476 
7.72752 -0.365224 
-2.44638 7.76 
7.60712 2.54242 
9.26369 8.64554 
-2.43462 9.42715 
-6.59492 10 
-6.09355 4.69882 
10 3.23031 
-5.2115 9.06524 
6.5815 0.455065 
-0.975839 7.0742 
1.00157 3.36714 
-0.754415 -6.15953 
3.29045 5.44467 
8.18853 7.36177 
2.8948 -1.76525 
4.74312 8.85223 
-0.205671 -3.77186 
4.54171 9.49453 
4.29403 0.773527 
7.80899 1.60066 
7.58679 8.86569 
-2.57837 9.82652 
7.05935 6.63041 
9.38426 -5.13394 
-0.0547979 8.87496 
9.32274 9.32332 
9.40375 -1.51132 
7.94636 -1.22638 
3.6202 8.83527 
0.925635 9.73894 
6.09731 -6.17693 
6.37195 1.03467 
3.93927 5.60684 
-1.01482 9.25976 
2.96433 -5.33198 
-3.31516 9.20243 
-0.0786707 1.42423 
-3.94166 7.07259 
-3.6236 -4.76337 
6.17294 6.65228 
-2.67453 6.96847 
4.96514 7.60356 
5.23853 4.61102 
10 9.87177 
0.800682 6.83862 
10 3.53071 
0.494448 -6.49704 
7.07023 4.54743 
6.00711 -2.56129 
0.915043 1.59428 
8.96994 3.75285 
3.73335 3.67855 
5.94472 8.28045 
2.01224 6.23453 
4.76898 3.05452 
10 3.93329 
6.88453 8.05518 
9.03439 -0.830863 
9.46493 8.4031 
0.905839 8.58955 
3.99768 3.58975 
6.45265 4.06753 
8.92184 3.21603 
9.52971 7.68553 
3.05262 7.14293 
10 0.743034 
-0.585571 10 
8.98286 -0.792188 
9.45959 -4.41049 
1.16652 6.58516 
3.74639 -0.283074 
5.91221 9.5363 
9.09441 -5.16622 
9.77648 -6.93045 
6.18494 -5.69388 
8.64358 3.93881 
8.40887 7.36528 
-0.570429 2.02381 
-3.4707 5.6296 
4.75924 -0.533447 
10 10 
4.2379 4.85167 
-1.04758 2.98843 
8.55311 3.81316 
2.64575 9.84531 
3.97993 6.25755 
3.20695 0.586676 
1.03491 6.52462 
3.42544 3.61647 
0.711985 4.17013 
-3.87802 -2.42489 
8.03431 8.20126 
3.09168 3.73561 
1.30451 2.81033 
-3.01252 9.09268 
-2.73665 1.69804 
-2.03421 2.61897 
-1.96419 7.59695 
3.10231 9.83624 
10 -1.49414 
10 5.65181 
10 -2.61272 
-1.77079 1.77788 
2.91424 -1.34177 
-5.21347 9.82355 
-6.10541 4.43669 
2.55191 10 
3.44048 -6.66662 
10 -6.57306 
4.29084 7.07642 
7.24092 6.50085 
2.93248 3.25379 
-2.73786 5.00565 
-5.38913 -0.184535 
7.70113 9.06062 
10 -2.2222 
7.1537 5.27603 
-2.26021 2.88793 
-1.72883 6.6351 
5.17325 8.29686 
-3.02096 10 
0.865009 1.26706 
8.14265 7.15638 
5.25652 9.876 
8.56355 7.25062 
0.782976 -0.821694 
0.896329 1.98182 
10 7.96831 
7.14826 1.47024 
1.78357 0.945083 
-0.428746 3.36078 
0.334873 -2.50912 
7.48594 7.25256 
-2.55963 1.54511 
6.66769 3.26486 
7.27077 4.07638 
0.12148 8.61884 
9.30356 8.02675 
-6.70779 10 
5.5245 9.39534 
7.57555 -0.370731 
1.89368 9.22935 
6.98885 3.44934 
8.12193 7.21256 
-0.999487 3.06907 
4.60307 4.09342 
7.90093 6.49694 
2.55465 7.52706 
1.59042 -1.06268 
-2.33754 -4.14754 
4.78302 -2.88542 
-5.40432 2.23636 
1.10622 -10 
7.0758 -2.30721 
10 9.43612 
7.93328 -1.66459 
7.78513 6.7091 
1.29185 4.45242 
-2.38918 6.81552 
1.0874 8.92715 
-2.20202 1.76138 
8.63891 2.88469 
4.13813 -4.27076 
4.29544 2.64205 
-3.83864 8.66127 
2.33429 1.16724 
7.64126 9.66876 
0.272956 8.49103 
7.41198 7.99128 
10 3.75371 
9.91934 7.03734 
8.54014 4.1832 
5.97084 2.99708 
7.20454 -1.3341 
5.92993 9.15817 
0.0874322 7.45323 











-7.62112 7.62394 
8.55656 4.37952 
-1.75586 1.61165 
7.3108 10 
-8.11615 7.96121 
1.04116 -7.48737 
7.81982 -1.48502 
-1.58858 -4.96798 
-2.07241 7.76049 
-1.38664 7.67704 
-9.9849 -2.01956 
-7.14638 -10 
7.38956 4.94233 
4.77019 8.0627 
1.74509 -1.35934 
4.38919 -4.95742 
4.73906 7.90474 
10 -4.45116 
7.76519 -2.01271 
7.84124 4.43574 
7.53861 -2.2035 
-8.1559 -4.71311 
4.57947 7.32525 
4.91277 1.30289 
-7.73918 -4.74293 
8.10979 -1.33986 
-4.66449 4.87352 
7.31002 -1.47999 
4.86551 1.78161 
-8.33593 1.5191 
2.14085 4.73008 
-1.69555 7.99668 
7.52037 4.5186 
-8.08852 1.61003 
4.35376 7.55886 
4.49202 -10 
7.70292 -7.47271 
-4.96699 10 
-4.3582 -7.31577 
4.8997 -4.74283 
-4.93278 -8.08259 
7.81048 4.38804 
4.83213 -4.67781 
1.51651 4.76669 
8.17941 10 
8.10505 -1.42147 
-10 4.3687 
5.51321 -10 
7.34847 5.55268 
4.39524 1.12622 
7.45247 -1.72523 
10 1.02699 
9.77 8.55742 
-4.65761 4.30596 
5.02393 -4.46774 
1.84008 4.93727 
-8.28956 1.3192 
-4.98554 5.4782 
1.2986 -1.02068 
-7.53264 -4.86322 
-1.28247 1.78383 
-4.64358 4.33167 
-7.66573 -4.72877 
4.25183 1.14241 
-4.7623 4.70903 
-1.09635 -4.44682 
4.62487 -4.91088 
-1.8866 8.17263 
1.10156 4.45989 
1.65682 -1.53454 
5.17419 -4.7156 
1.58734 -8.1286 
1.47285 -8.2198 
-1.65635 1.77506 
-8.25345 8.05436 
7.82033 -7.43399 
-1.72231 7.8777 
4.70266 7.95734 
4.70485 1.75312 
5.01042 -5.04079 
7.8108 5.001 
7.16897 -7.29038 
7.30259 4.35385 
9.99224 7.77045 
-8.01445 7.69295 
5.36729 7.66794 
-1.77712 1.39717 
8.14616 4.28703 
4.58063 1.19801 
8.14495 4.79311 
5.51254 -4.88079 
-1.56275 1.36327 
8.29707 -1.33162 
-7.7056 7.96065 
7.94686 -1.63342 
1.52697 -7.98079 
-8.08471 8.02544 
10 1.80346 
1.66069 -7.59347 
10 1.58512 
-7.12942 1.65783 
-1.52878 -4.8053 
-1.72595 8.07225 
10 7.21286 
1.66377 4.30522 
4.57156 8.00078 
-5.24225 -1.5415 
-1.38661 -5.07951 
-1.40064 8.16001 
4.12771 1.74772 
1.60989 -8.0434 
7.84406 4.33517 
7.7751 4.88567 
-1.72435 -4.30696 
-1.78582 7.66089 
7.79066 4.86415 
-7.85165 -4.34575 
1.28083 9.98008 
-1.88603 8.75014 
-8.10098 1.14118 
-1.71362 1.46801 
-7.74794 7.7848 
1.57662 4.85326 
-1.22649 -4.6378 
1.34976 -1.50092 
8.26737 -1.60743 
-4.67415 4.68305 
7.94925 -8.10337 
-1.46494 7.91532 
1.81346 -7.71891 
-7.91113 -4.33919 
1.5915 -7.46616 
-4.33535 -7.98986 
8.47445 4.50052 
4.90353 7.79879 
4.92866 7.54659 
1.64952 -1.09088 
-7.67074 -4.4939 
4.92327 1.89616 
7.59137 5.03225 
-1.48408 7.84291 
4.84183 7.76654 
-7.71072 1.92022 
-7.72683 7.71793 
-1.55028 8.31483 
8.16967 4.76582 
7.65005 5.06904 
1.35036 10 
4.36698 8.49317 
-1.62569 1.65081 
7.63962 -7.95826 
-1.70658 1.1264 
7.92712 -7.40295 
4.52124 -4.5834 
7.74397 -1.22919 
-7.74169 -5.48166 
-4.59061 -7.91183 
8.04113 4.34402 
7.8223 -7.55281 
4.72246 1.28923 
0.955488 4.37968 
-8.32033 1.17983 
4.81195 2.06377 
-8.10548 8.025 
5.09826 1.47331 
8.01861 -1.26387 
1.74277 -1.65289 
-4.60908 -1.43603 
-5.25938 -1.39243 
4.16083 2.07525 
-4.71222 -7.60521 
-4.44254 -1.89651 
7.96283 -1.33587 
-7.86102 8.03198 
1.87436 -1.9638 
-1.37358 1.49986 
1.81789 -8.22295 
-1.73898 1.67122 
-1.20439 7.95124 
-1.74701 1.39346 
-8.52766 7.01385 
-7.91298 -4.4456 
-1.47647 -4.16437 
-7.58443 7.97589 
7.9849 -8.05874 
7.49403 -0.911708 
4.76919 1.60709 
4.65887 1.70927 
1.59422 4.44064 
-10 -7.26091 
-1.4153 7.98017 
8.10808 5.12627 
-1.70949 1.33068 
1.60253 -7.69404 
7.79895 4.76333 
7.56351 4.8599 
8.01841 -0.89183 
-1.53331 1.71617 
7.65482 -1.77666 
-8.01375 1.42037 











-7.89685 7.88921 
7.82955 4.67571 
-1.61383 1.54464 
7.85219 10 
-7.89301 7.83149 
1.55472 -7.80299 
7.81027 -1.57102 
-1.58844 -4.70299 
-1.56582 7.87092 
-1.54834 7.84658 
-10 -1.57476 
-7.85414 -10 
7.87058 4.70037 
4.74485 7.87386 
1.58707 -1.55041 
4.68547 -4.68942 
4.72409 7.84625 
10 -4.70716 
7.88006 -1.56687 
7.8202 4.667 
7.90035 -1.52906 
-7.84658 -4.71363 
4.69802 7.84358 
4.70668 1.6121 
-7.85412 -4.71192 
7.83498 -1.56119 
-4.68851 4.74075 
7.89213 -1.58302 
4.68976 1.57423 
-7.86806 1.58235 
1.61752 4.6607 
-1.59382 7.85694 
7.85897 4.70871 
-7.88416 1.62122 
4.70782 7.87287 
4.71001 -10 
7.82943 -7.85364 
-4.70374 10 
-4.70796 -7.82864 
4.68111 -4.72778 
-4.72854 -7.8649 
7.87417 4.70088 
4.72273 -4.71982 
1.56445 4.69459 
7.85928 10 
7.83478 -1.57116 
-10 4.70805 
4.72025 -10 
7.84854 4.73268 
4.65486 1.50971 
7.8937 -1.60217 
10 1.58335 
10 7.85674 
-4.62631 4.69368 
4.71658 -4.67228 
1.58446 4.68853 
-7.8413 1.55141 
-4.73096 4.74128 
1.60252 -1.59909 
-7.89198 -4.69345 
-1.60882 1.58917 
-4.72066 4.68679 
-7.84862 -4.68218 
4.68391 1.56515 
-4.70863 4.7501 
-1.56929 -4.74075 
4.74694 -4.75247 
-1.6236 7.89307 
1.59602 4.75007 
1.57033 -1.57654 
4.68895 -4.71718 
1.59485 -7.91965 
1.59929 -7.85258 
-1.59677 1.55911 
-7.87597 7.83908 
7.86249 -7.84828 
-1.5786 7.89661 
4.67547 7.84454 
4.74648 1.5586 
4.76691 -4.7037 
7.83712 4.7224 
7.89691 -7.90447 
7.82993 4.6934 
10 7.86349 
-7.85593 7.82344 
4.68904 7.80911 
-1.57358 1.57973 
7.80562 4.722 
4.78102 1.57888 
7.85513 4.7266 
4.73102 -4.71156 
-1.59166 1.57245 
7.8607 -1.58337 
-7.83177 7.86338 
7.86405 -1.59832 
1.5354 -7.86937 
-7.87304 7.84347 
10 1.5594 
1.56414 -7.84796 
10 1.58181 
-7.87862 1.5804 
-1.59026 -4.68984 
-1.4907 7.83944 
10 7.86698 
1.61511 4.72038 
4.72117 7.84153 
-4.7062 -1.57396 
-1.59144 -4.73124 
-1.53905 7.87189 
4.66239 1.55376 
1.63831 -7.84896 
7.86338 4.75009 
7.83676 4.69645 
-1.56726 -4.63883 
-1.55689 7.85857 
7.86426 4.7324 
-7.83624 -4.73091 
1.56862 10 
-1.57004 7.80692 
-7.85116 1.57801 
-1.53945 1.54339 
-7.92945 7.81285 
1.53885 4.69223 
-1.58918 -4.7479 
1.62453 -1.6046 
7.88356 -1.57564 
-4.70171 4.71638 
7.86783 -7.87523 
-1.56065 7.84386 
1.54624 -7.85685 
-7.81871 -4.72067 
1.57526 -7.83101 
-4.68922 -7.82763 
7.87858 4.72492 
4.70161 7.90274 
4.73091 7.85773 
1.5542 -1.6204 
-7.8667 -4.72511 
4.73908 1.54277 
7.83115 4.75577 
-1.60852 7.85724 
4.73892 7.88887 
-7.90506 1.52442 
-7.85564 7.87796 
-1.58901 7.87306 
7.87997 4.69523 
7.85377 4.69601 
1.57371 10 
4.68329 7.88726 
-1.57602 1.5439 
7.81694 -7.82313 
-1.56499 1.56476 
7.84474 -7.83007 
4.72941 -4.70023 
7.85091 -1.5709 
-7.84953 -4.70661 
-4.76115 -7.91926 
7.81434 4.66386 
7.86731 -7.84558 
4.70734 1.53716 
1.53407 4.72252 
-7.82236 1.57727 
4.69401 1.54793 
-7.84815 7.87251 
4.73708 1.58451 
7.88553 -1.60823 
1.55621 -1.60701 
-4.72648 -1.59966 
-4.6352 -1.57014 
4.73913 1.57755 
-4.68096 -7.85761 
-4.70158 -1.56168 
7.86248 -1.54549 
-7.81511 7.85234 
1.53625 -1.55623 
-1.54749 1.55693 
1.59731 -7.88405 
-1.55229 1.52776 
-1.53712 7.85554 
-1.57907 1.55256 
-7.83499 7.81463 
-7.83708 -4.68326 
-1.58971 -4.71481 
-7.83259 7.82175 
7.8519 -7.86182 
7.79532 -1.57745 
4.73465 1.61201 
4.75093 1.59642 
1.61181 4.72836 
-10 -7.85112 
-1.55502 7.88545 
7.83805 4.72992 
-1.58413 1.55826 
1.55791 -7.79349 
7.87605 4.68164 
7.83474 4.72005 
7.90111 -1.61915 
-1.57292 1.55939 
7.8954 -1.59198 
-7.81504 1.5698 











