0.565306  
0.531255  
0.556294  
0.390261  
0.827909  
0.952081  
0.772509  
0.849704  
0.112261  
0.112261  
-0.437022  
-0.32064  
-0.317181  
-0.151776  
0.152693  
0.0416048  
-0.0475892  
-0.104567  
-0.00736668  
-0.00988206  
-0.516536  
-0.276609  
0.569038  
0.549822  
0.000156742  
0.00111814  
0.145636  
0.408849  
0.117858  
0.204825  
0.0233139  
-0.00343927  
-0.479257  
-0.024263  
0.398161  
0.509966  
0.265853  
0.238134  
0.792995  
0.157967  
-0.545399  
-0.446678  
0.0682613  
0.0682613  
0.0547403  
0.0500885  
0.0200934  
0.163651  
-0.0396143  
-0.375656  
-0.375656  
0.0284942  
0.020151  
0.236439  
0.737895  
0.687252  
0.183317  
-0.309509  
0.265266  
-0.538635  
-0.925966  
-0.904297  
-0.393724  
-0.120536  
0.272165  
0.111125  
-0.0376612  
-0.0749412  
0.131488  
-0.412085  
-0.910033  
-0.955704  
-0.714561  
-0.721736  
-0.110944  
0.489599  
0.213456  
0.045249  
0.12607  
-0.109738  
0.0730258  
-0.00194569  
-0.335155  
0.294258  
0.127697  
-0.0947239  
-0.130578  
-0.0276966  
-0.00118946  
-0.449613  
-0.096066  
-0.185567  
0.0511838  
0.529038  
0.409092  
0.542941  
0.146919  
0.161366  
0.341753  
-0.0407202  
0.408241  
0.481067  
0.0823926  
0.541533  
0.366361  
0.236397  
-0.277562  
-0.190773  
-0.0765992  
-0.514079  
-0.476687  
-0.495875  
-0.438231  
0.146095  
-0.186908  
-0.4235  
-0.230636  
-0.00826528  
-0.133922  
0.161326  
0.360369  
0.451803  
0.523105  
0.503551  
0.543887  
0.521423  
-0.0363737  
0.245903  
0.464326  
0.543851  
-0.210651  
0.0602541  
0.161739  
-0.421203  
0.25837  
-0.244683  
-0.421925  
-0.0662563  
0.194659  
0.300356  
0.0862423  
0.214871  
0.0254502  
0.380577  
0.405609  
-0.179266  
-0.444166  
-0.52351  
-0.0204492  
-0.129234  
-0.129234  
-0.75232  
-0.324405  
-0.214364  
-0.0138294  
-0.0215872  
-0.0390092  
-0.72178  
-0.635137  
-0.612721  
-0.974083  
-0.818703  
-0.0813946  
0.108367  
0.348842  
-0.112444  
-0.0216519  
0.0186091  
0.237103  
-0.247112  
-0.295959  
-0.0564148  
0.068617  
0.258064  
-0.0400411  
-0.026118  
-0.770562  
-0.935522  
-0.924796  
-0.718472  
-0.889458  
-0.889458  
-0.857741  
-0.864027  
-0.472765  
-0.986815  
-0.742038  
-0.303964  
-0.51973  
-0.847087  
-0.847087  
-0.847087  
-0.847087  
-0.204714  
-0.0390009  
-0.237549  
-0.642398  
-0.194757  
0.534603  
-0.26038  
-0.26038  
-0.2945  
-0.232076  
-0.371943  
-0.392685  
-0.396884  
-0.904523  
-0.141344  
-0.238967  
-0.0153476  
-0.0149895  
0.112693  
0.293053  
0.0395318  
0.000435779  
-0.0352978  
-0.0992589  
-0.0992589  
0.246383  
0.754991  
0.985656  
0.91793  
0.152745  
0.118322  
0.118322  
0.0275817  
0.0275817  
-0.00484185  
0.0884865  
0.814184  
0.93133  
0.835536  
0.146565  
0.521712  
-0.237021  
-0.53464  
-0.386788  
0.0884886  
-0.0614095  
0.124623  
-0.00109484  
0.258774  
-0.0191078  
0.0880123  
-0.601528  
-0.525638  
-0.492018  
-0.422914  
0.26926  
0.315958  
0.314207  
-0.180911  
-0.104056  
0.567014  
0.840932  
0.724335  
0.140053  
0.0280812  
0.0802311  
0.720729  
0.700899  
0.184452  
0.0685004  
-0.104979  
-0.0624824  
-0.722609  
-0.327897  
0.177488  
0.653065  
0.911276  
0.829262  
0.461603  
-0.0184837  
0.237201  
0.900066  
0.696226  
0.541223  
0.683062  
0.118948  
0.172412  
-0.189945  
-0.00834403  
0.105286  
-0.0917392  
-0.049572  
-0.438991  
-0.284824  
0.126447  
-0.439527  
-0.607903  
-0.067883  
-0.687345  
-0.819103  
-0.819103  
-0.47882  
-0.460054  
-0.18839  
-0.0657945  
0.187257  
0.592314  
0.1713  
-0.300417  
-0.656644  
-0.222014  
-0.222014  
-0.0102146  
-0.0414087  
-0.0414087  
0.0448041  
-0.369682  
-0.430769  
-0.331946  
-0.331946  
-0.350101  
-0.350101  
0.120418  
0.240897  
0.263563  
0.170782  
-0.0616217  
0.0523549  
-0.32335  
0.218463  
-0.116727  
-0.652631  
-0.430001  
0.132834  
-0.311501  
-0.88171  
-0.354816  
-0.422682  
-0.310297  
0.511521  
0.470997  
0.441557  
0.0464057  
0.0840413  
-0.353742  
-0.543923  
-0.252264  
-0.327928  
-0.52372  
0.0767637  
-0.52144  
-0.52144  
-0.532548  
-0.39322  
-0.16787  
-0.0151057  
0.00386433  
0.300639  
-0.0202678  
0.418015  
0.297699  
-0.527034  
-0.88782  
-0.99166  
-0.99166  
-0.521773  
0.0245902  
-0.177142  
-0.76375  
-0.897423  
-0.783507  
-0.981529  
-0.981529  
-0.453834  
-0.832758  
-0.897634  
-0.442412  
-0.398821  
-0.269101  
-0.691091  
-0.449489  
-0.902096  
-0.715812  
-0.715812  
-0.690613  
-0.835364  
-0.699573  
-0.00371101  
-0.186318  
-0.186318  
0.208904  
0.0826967  
0.0826967  
-0.195177  
0.148836  
0.148836  
-0.0165255  
0.0251314  
0.0308204  
-0.133957  
-0.197518  
-0.00252404  
-0.00252404  
-0.295959  
-0.120429  
0.232197  
0.0595746  
0.184546  
-0.295959  
-0.295959  
0.0249056  
0.0455348  
0.00629669  
-0.216896  
0.000785675  
0.000785675  
-0.00691856  
0.00655661  
-0.0824383  
-0.289097  
-0.275485  
-0.0177677  
0.122504  
0.103366  
-0.00773791  
0.0184388  
-0.115692  
0.226777  
0.187865  
0.187865  
-0.0284272  
0.187383  
0.46805  
0.202685  
0.531995  
0.207147  
0.101274  
0.162224  
-0.256925  
0.0116923  
-0.0159575  
-0.0476455  
0.0347734  
0.14201  
0.0598904  
-0.253046  
-0.241606  
0.231983  
-0.0862123  
-0.0234803  
-0.0234803  
-0.0984212  
-0.0596115  
-0.17712  
0.104935  
0.325183  
0.485188  
0.538076  
0.462375  
0.462375  
0.274369  
-0.474516  
-0.474516  
0.0702887  
-0.0555026  
0.151984  
-0.295959  
-0.295959  
-0.169407  
0.0901419  
0.0608656  
-0.0850565  
-0.17028  
-0.178091  
-0.178091  
-0.178091  
-0.295959  
-0.295959  
-0.295959  
-0.257328  
-0.10445  
0.342927  
-0.181195  
-0.02144  
-0.02144  
-0.453471  
-0.0620491  
-0.174041  
0.170887  
0.0376763  
0.0794033  
0.0406229  
0.0593286  
0.0593286  
0.103065  
-0.364037  
-0.951999  
-0.975941  
-0.975941  
-0.505832  
-0.0323293  
-0.0323293  
-0.0323293  
-0.0323293  
0.206613  
-0.112938  
-0.189429  
-0.48618  
-0.48618  
-0.48618  
-0.699192  
-0.699192  
-0.699192  
-0.699192  
-0.699192  
-0.699192  
-0.859122  
-0.470273  
-0.470273  
-0.0448556  
-0.272357  
-0.408648  
-0.408648  
-0.544155  
-0.791936  
-0.957509  
-0.957509  
-0.403749  
0.365106  
0.306759  
0.159123  
0.0298212  
0.0264781  
0.172044  
0.172044  
0.634389  
0.48808  
0.48808  
0.48808  
0.530516  
0.805335  
0.84806  
0.833487  
0.681612  
0.954995  
0.430714  
0.430714  
0.236613  
-0.219951  
-0.178424  
-0.178424  
-0.441691  
-0.869383  
-0.869383  
-0.869383  
-0.869383  
-0.676325  
-0.157624  
-0.157624  
-0.246991  
-0.246991  
-0.223985  
-0.457263  
-0.784099  
-0.784099  
-0.800082  
-0.800082  
-0.800082  
-0.538214  
-0.564363  
-0.697856  
-0.91395  
-0.856973  
-0.856973  
-0.856973  
-0.856973  
-0.930072  
-0.438249  
-0.438249  
-0.563275  
-0.563275  
-0.563275  
-0.45672  
-0.613017  
-0.396164  
-0.361694  
-0.502659  
-0.502659  
-0.898308  
-0.898308  
-0.604157  
-0.932119  
-0.932119  
-0.545589  
-0.545589  
-0.545589  
-0.92867  
-0.58797  
-0.58797  
-0.58797  
-0.58797  
-0.718874  
-0.718874  
-0.718874  
-0.718874  
-0.718874  
-0.718874  
-0.860218  
-0.860218  
-0.860218  
-0.835922  
-0.920871  
-0.986902  
-0.986902  
-0.974168  
-0.974168  
-0.888334  
-0.888334  
-0.699682  
-0.89189  
-0.829431  
-0.829431  
-0.829431  
-0.935135  
-0.476872  
-0.210556  
-0.551159  
-0.551159  
-0.787558  
-0.787558  
-0.787558  
-0.787558  
-0.787558  
-0.822755  
-0.822755  
-0.822755  
-0.970517  
-0.953368  
-0.987398  
-0.705524  
-0.856379  
-0.758104  
-0.758104  
-0.758104  
-0.758104  
-0.758104  
-0.946233  
-0.946233  
-0.981766  
-0.717671  
-0.717671  
-0.717671  
-0.717671  
-0.717671  
-0.960725  
-0.939645  
-0.964804  
-0.964804  
-0.964804  
-0.981639  
-0.981639  
-0.981639  
-0.981639  
-0.937838  
-0.937838  
-0.878783  
-0.896211  
-0.984916  
-0.984916  
-0.984916  
-0.722679  
-0.975417  
-0.975417  
-0.855285  
-0.855285  
-0.875676  
-0.953588  
-0.953588  
-0.953588  
-0.905894  
-0.533837  
-0.438884  
-0.438884  
-0.438884  
-0.438884  
-0.422926  
-0.812004  
-0.812004  
-0.885506  
-0.883232  
-0.883232  
-0.883232  
-0.883232  
-0.801386  
-0.801386  
-0.847573  
-0.836996  
-0.775956  
-0.775956  
-0.787245  
-0.75227  
-0.75227  
-0.891585  
-0.891585  
-0.741788  
-0.680165  
-0.954563  
-0.996686  
-0.996686  
-0.996686  
-0.996686  
-0.996686  
-0.977143  
-0.977143  
-0.900433  
-0.900433  
-0.785152  
-0.785152  
-0.785152  
-0.785152  
-0.819159  
-0.819159  
-0.819159  
-0.862628  
-0.862628  
-0.862628  
-0.862628  
-0.862628  
-0.862628  
-0.860204  
-0.868656  
-0.868656  
-0.868656  
-0.974123  
-0.974123  
-0.974123  
-0.974123  
-0.974123  
-0.974123  
-0.974123  
-0.974123  
-0.974123  
-0.920241  
-0.920241  
-0.920241  
-0.920241  
-0.968414  
-0.968414  
-0.968414  
-0.968414  
-0.968414  
-0.968414  
-0.968414  
-0.961845  
-0.961845  
-0.961845  
-0.961845  
-0.961845  
-0.961845  
-0.961845  
-0.961845  
-0.907002  
-0.907002  
-0.907002  
-0.907002  
-0.907002  
-0.907002  
-0.907002  
-0.907002  
-0.907002  
-0.907002  
-0.907002  
-0.907002  
-0.874426  
-0.874426  
-0.874426  
-0.874426  
-0.874426  
-0.874426  
-0.798912  
-0.798912  
-0.798912  
-0.9392  
-0.9392  
-0.930963  
-0.944665  
-0.944665  
-0.944665  
-0.841296  
-0.791905  
-0.840584  
-0.923863  
-0.923863  
-0.923863  
-0.923863  
-0.758803  
-0.758803  
-0.758803  
-0.758803  
-0.758803  
-0.947377  
-0.947377  
-0.947377  
-0.947377  
-0.947377  
-0.947377  
-0.947377  
-0.936262  
-0.906994  
-0.906994  
-0.906994  
-0.906994  
-0.906994  
-0.906994  
-0.903519  
-0.903519  
-0.903519  
-0.903519  
-0.903519  
-0.903519  
-0.903519  
-0.903519  
-0.903519  
-0.903519  
-0.967195  
-0.967195  
-0.967195  
-0.967195  
-0.967195  
-0.967195  
-0.967195  
-0.967195  
-0.967195  
-0.967195  
-0.967195  
-0.967195  
-0.967195  
-0.967195  
-0.967195  
-0.967195  
-0.967195  
-0.967195  
-0.967195  
-0.967195  
-0.967195  
-0.967195  
-0.967195  
-0.967195  
-0.967195  
-0.967195  
-0.967195  
-0.967195  
-0.967195  
-0.967195  
-0.967195  
-0.967195  
-0.967195  
-0.967195  
-0.967195  
-0.967195  
-0.967195  
-0.967195  
-0.967195  
-0.967195  
-0.967195  
-0.967195  
-0.967195  
-0.967195  
-0.967195  
-0.967195  
-0.967195  
-0.967195  
-0.967195  
-0.967195  
-0.967195  
-0.967195  
-0.967195  
-0.967195  
-0.967195  
-0.967195  
-0.966855  
-0.966855  
-0.966855  
-0.966855  
-0.966855  
-0.966855  
-0.966855  
-0.966855  
-0.966855  
-0.966855  
-0.966855  
-0.966855  
-0.966855  
-0.966855  
-0.966855  
-0.97784  
-0.97784  
-0.97784  
-0.97784  
-0.97784  
-0.947391  
-0.998709  
-0.998709  
-0.998709  
-0.990349  
-0.990349  
-0.990349  
-0.990349  
-0.990349  
-0.990349  
-0.995447  
-0.995447  
-0.995447  
-0.995447  
-0.995447  
-0.995447  
-0.995447  
-0.995447  
-0.995447  
-0.995447  
-0.995447  
-0.995447  
-0.995447  
-0.995447  
-0.995447  
-0.995447  
-0.995447  
-0.995447  
-0.995447  
-0.995447  
-0.995447  
-0.995447  
-0.995447  
-0.995447  
-0.995447  
-0.995447  
-0.995447  
-0.995447  
-0.995447  
-0.995447  
-0.995447  
-0.995447  
-0.995447  
-0.995447  
-0.985129  
-0.985129  
-0.985129  
-0.985129  
-0.985129  
-0.985129  
-0.985129  
-0.985129  
-0.985129  
-0.985129  
-0.985129  
-0.985129  
-0.985129  
-0.985129  
-0.985129  
-0.985129  
-0.985129  
-0.985129  
-0.985129  
-0.985129  
-0.985129  
-0.985129  
-0.985129  
-0.985129  
-0.985129  
-0.985129  
-0.985129  
-0.985129  
-0.985129  
-0.985129  
-0.985129  
-0.985129  
-0.985129  
-0.974663  
-0.974663  
-0.980148  
-0.980148  
-0.980148  
-0.980148  
-0.980148  
-0.980148  
-0.980148  
-0.980148  
-0.980148  
-0.980148  
-0.980148  
-0.980148  
-0.980148  
-0.980148  
-0.980148  
-0.980148  
-0.980148  
-0.980148  
-0.980148  
-0.980148  
-0.980148  
-0.980148  
-0.99216  
-0.99216  
-0.99216  
-0.99216  
-0.99216  
-0.99216  
-0.99216  
-0.99216  
-0.99216  
-0.99216  
-0.99216  
-0.99216  
-0.99216  
-0.99216  
-0.99216  
-0.99216  
-0.99216  
-0.99216  
-0.99216  
-0.99216  
-0.99216  
-0.99216  
-0.99216  
-0.99216  
-0.99216  
-0.99216  
-0.99216  
-0.99216  
-0.99216  
-0.99216  
-0.99216  
-0.99216  
-0.99216  
-0.99216  
-0.99216  
-0.99216  
-0.99216  
-0.99216  
-0.99216  
-0.99216  
-0.99216  
-0.99216  
-0.99216  
-0.99216  
-0.99216  
-0.99216  
-0.99216  
-0.99216  
-0.99216  
-0.99216  
-0.99216  
-0.99216  
-0.99216  
-0.99216  
-0.99216  
-0.99216  
-0.99216  
-0.99216  
-0.99216  
-0.99216  
-0.99216  
-0.99216  
-0.99216  
-0.99216  
-0.99216  
-0.99216  
-0.99216  
-0.99216  
-0.99216  
-0.99216  
-0.99216  
-0.99216  
-0.99216  
-0.99216  
-0.99216  
-0.99216  
-0.99216  
-0.99216  
-0.99216  
-0.991785  
-0.991785  
-0.991785  
-0.991785  
-0.991785  
-0.991785  
-0.991785  
-0.991785  
-0.991785  
-0.991785  
-0.991785  
-0.991785  
-0.991785  
-0.991785  
-0.991785  
-0.991785  
-0.991785  
-0.991785  
-0.991785  
-0.991785  
-0.991785  
-0.991785  
-0.991785  
-0.991785  
-0.991785  
-0.991785  
-0.991785  
-0.991785  
-0.991785  
-0.991785  
-0.991785  
-0.991785  
-0.991785  
-0.991785  
-0.991785  
-0.991785  
-0.991785  
-0.991785  
-0.991785  
-0.991785  
-0.991785  
-0.991785  
-0.991785  
-0.991785  
-0.991785  
-0.991785  
-0.991785  
-0.991785  
-0.991785  
-0.991785  
-0.991785  
-0.991785  
-0.991785  
-0.991785  
-0.991785  
-0.991785  
-0.991785  
-0.991785  
-0.991785  
-0.991785  
-0.991785  
-0.991785  
-0.991785  
-0.991785  
-0.991785  
-0.991785  
-0.991785  
-0.991785  
-0.991785  
-0.991785  
-0.991785  
-0.991785  
-0.991785  
-0.991785  
-0.991785  
-0.991785  
-0.991785  
-0.991785  
-0.991785  
-0.991785  
-0.991785  
-0.991785  
-0.991785  
-0.991785  
-0.991785  
-0.991785  
-0.991785  
-0.991785  
-0.991785  
-0.991785  
-0.991785  
-0.991785  
-0.991785  
-0.991785  
-0.991785  
-0.991785  
-0.991785  
-0.991785  
-0.991785  
-0.991785  
-0.991785  
-0.991785  
-0.991785  
-0.991785  
-0.991785  
-0.991785  
-0.991785  
-0.991785  
-0.991785  
-0.991785  
-0.991785  
-0.991785  
-0.991785  
-0.991785  
-0.991785  
-0.991785  
-0.991785  
-0.991785  
-0.991785  
-0.991785  
-0.991785  
-0.991785  
-0.991785  
-0.991785  
-0.991785  
-0.991785  
-0.991785  
-0.991785  
-0.991785  
-0.991785  
-0.991785  
-0.991785  
-0.991785  
-0.991785  
-0.991785  
-0.991785  
-0.991785  
-0.991785  
-0.991785  
-0.991785  
-0.991785  
-0.991785  
-0.991785  
-0.991785  
-0.991785  
-0.991785  
-0.991785  
-0.991785  
-0.991785  
-0.991785  
-0.991785  
-0.991785  
-0.991785  
-0.991785  
-0.991785  
-0.991785  
-0.991785  
-0.991785  
-0.991785  
-0.991785  
-0.99448  
-0.99448  
-0.99448  
-0.99448  
-0.99448  
-0.99448  
-0.99448  
-0.99448  
-0.99448  
-0.99448  
-0.99448  
-0.99448  
-0.99448  
-0.99448  
-0.99448  
-0.99448  
-0.99448  
-0.99448  
-0.99448  
-0.99448  
-0.99448  
-0.99448  
-0.99448  
-0.99448  
-0.99448  
-0.99448  
-0.99448  
-0.99448  
-0.99448  
-0.99448  
-0.99448  
-0.99448  
-0.99448  
-0.99448  
-0.99448  
-0.99448  
-0.99448  
-0.99448  
-0.99448  
-0.99448  
-0.99448  
-0.99448  
-0.99448  
-0.99448  
-0.99448  
-0.99448  
-0.99448  
-0.99448  
-0.99448  
-0.99448  
-0.99448  
-0.99448  
-0.99448  
-0.99448  
-0.99448  
-0.99448  
-0.99448  
-0.99448  
-0.99448  
-0.99448  
-0.99448  
-0.99448  
-0.99448  
-0.99448  
-0.99448  
-0.99448  
-0.99448  
-0.99448  
-0.99448  
-0.99448  
-0.99448  
-0.99448  
-0.99448  
-0.99448  
-0.99448  
-0.99448  
-0.99448  
-0.99448  
-0.99448  
-0.99448  
-0.99448  
-0.99448  
-0.99448  
-0.99448  
-0.99448  
-0.99448  
-0.99448  
-0.99448  
-0.99448  
-0.99448  
-0.99448  
-0.99448  
-0.99448  
-0.99448  
-0.99448  
-0.99448  
-0.99448  
-0.99448  
-0.99448  
-0.99448  
-0.99448  
-0.99448  
-0.99448  
-0.99448  
-0.99448  
-0.99448  
-0.99448  
-0.99448  
-0.99448  
-0.99448  
-0.99448  
-0.99448  
-0.99448  
-0.99448  
-0.99448  
-0.99448  
-0.99448  
-0.99448  
-0.99448  
-0.99448  
-0.99448  
-0.99448  
-0.99448  
-0.99448  
-0.996434  
-0.996434  
-0.996434  
-0.996434  
-0.996434  
-0.996434  
-0.996434  
-0.996434  
-0.996434  
-0.996434  
-0.996434  
-0.996434  
-0.996434  
-0.996434  
-0.996434  
-0.996434  
-0.996434  
-0.996434  
-0.996434  
-0.996434  
-0.996434  
-0.996434  
-0.996434  
-0.996434  
-0.996434  
-0.996434  
-0.996434  
-0.996434  
-0.996434  
-0.996434  
-0.996434  
-0.996434  
-0.996434  
-0.996434  
-0.996434  
-0.996434  
-0.996434  
-0.996434  
-0.996434  
-0.996434  
-0.996434  
-0.996434  
-0.996434  
-0.996434  
-0.996434  
-0.996434  
-0.996434  
-0.996434  
-0.996434  
-0.996434  
-0.996434  
-0.996434  
-0.996434  
-0.996434  
-0.996434  
-0.996434  
-0.996434  
-0.996434  
-0.996434  
-0.996434  
-0.996434  
-0.996434  
-0.996434  
-0.996434  
-0.996434  
-0.996434  
-0.996434  
-0.996434  
-0.996434  
-0.996434  
-0.996434  
-0.996434  
-0.996434  
-0.996434  
-0.996434  
-0.996434  
-0.996434  
-0.996434  
-0.996434  
-0.996434  
-0.996434  
-0.996434  
-0.996434  
-0.996434  
-0.996434  
-0.996434  
-0.996434  
-0.996434  
-0.996434  
-0.996434  
-0.996434  
-0.996434  
-0.996434  
-0.996434  
-0.996434  
-0.996434  
-0.996434  
-0.996434  
-0.996434  
-0.996434  
-0.996434  
-0.996434  
-0.996434  
-0.996434  
-0.996434  
-0.996434  
-0.996434  
-0.996434  
-0.996434  
-0.996434  
-0.996434  
-0.996434  
-0.996434  
-0.996434  
-0.996434  
-0.996434  
-0.996434  
-0.996434  
-0.996434  
-0.996434  
-0.996434  
-0.996434  
-0.996434  
-0.996434  
-0.996434  
-0.996434  
-0.996434  
-0.996434  
-0.996434  
-0.996434  
-0.996434  
-0.996434  
-0.996434  
-0.996434  
-0.996434  
-0.996434  
-0.996434  
-0.996434  
-0.996434  
-0.996434  
-0.996434  
-0.996434  
-0.996434  
-0.996434  
-0.996434  
-0.996434  
-0.996434  
-0.996434  
-0.996434  
-0.996434  
-0.996434  
-0.996434  
-0.996434  
-0.996434  
-0.996434  
-0.996434  
-0.996434  
-0.996434  
-0.996434  
-0.996434  
-0.996434  
-0.996434  
-0.996434  
-0.996434  
-0.996434  
-0.996434  
-0.996434  
-0.996434  
-0.998462  
-0.998462  
-0.998462  
-0.998462  
-0.998462  
-0.998462  
-0.998462  
-0.998462  
-0.998462  
-0.998462  
-0.998462  
-0.998462  
-0.998462  
-0.998462  
-0.998462  
-0.998462  
-0.998462  
-0.998462  
-0.998462  
-0.998462  
-0.998462  
-0.998462  
-0.998462  
-0.998462  
-0.998462  
-0.998462  
-0.998462  
-0.998462  
-0.998462  
-0.998462  
-0.998462  
-0.998462  
-0.998462  
-0.998462  
-0.998462  
-0.998462  
-0.998462  
-0.998462  
-0.998462  
-0.998462  
-0.998462  
-0.998462  
-0.998462  
-0.998462  
-0.998462  
-0.998462  
-0.998462  
-0.998462  
-0.998462  
-0.998462  
-0.998462  
-0.998462  
-0.998462  
-0.998462  
-0.998462  
-0.998462  
-0.998462  
-0.998462  
-0.998462  
-0.998462  
-0.998462  
-0.998462  
-0.998462  
-0.998462  
-0.998462  
-0.998462  
-0.998462  
-0.998462  
-0.998462  
-0.998462  
-0.998462  
-0.998462  
-0.998462  
-0.998462  
-0.998462  
-0.998462  
-0.998462  
-0.998462  
-0.998462  
-0.998462  
-0.998462  
-0.998462  
-0.998462  
-0.998462  
-0.998462  
-0.998462  
-0.998462  
-0.998462  
-0.998462  
-0.998462  
-0.998462  
-0.998462  
-0.998462  
-0.998462  
-0.998462  
-0.998462  
-0.998462  
-0.998462  
-0.998462  
-0.998462  
-0.998462  
-0.998462  
-0.998462  
-0.998462  
-0.998462  
-0.998462  
-0.998462  
-0.998462  
-0.998462  
-0.998462  
-0.998462  
-0.998462  
-0.998462  
-0.998462  
-0.998462  
-0.998462  
-0.998462  
-0.998462  
-0.998462  
-0.998462  
-0.998462  
-0.998462  
-0.998462  
-0.998462  
-0.998462  
-0.998462  
-0.998462  
-0.998462  
-0.998462  
-0.998462  
-0.998462  
-0.998462  
-0.998462  
-0.998462  
-0.998462  
-0.998462  
-0.998462  
-0.998462  
-0.998462  
-0.998462  
-0.998462  
-0.998462  
-0.998462  
-0.998462  
-0.998462  
-0.998462  
-0.998462  
-0.998462  
-0.998462  
-0.998462  
-0.998462  
-0.998462  
-0.998462  
-0.998462  
-0.998462  
-0.998462  
-0.998462  
-0.998462  
-0.998462  
-0.998462  
-0.998462  
-0.998462  
-0.998462  
-0.998462  
-0.998462  
-0.998462  
-0.998462  
-0.998462  
-0.998462  
-0.998462  
-0.998462  
-0.998462  
-0.998462  
-0.998462  
-0.998462  
-0.998462  
-0.998462  
-0.998462  
-0.998462  
-0.998462  
-0.998462  
-0.998462  
-0.998462  
-0.998462  
-0.998462  
-0.998462  
-0.998462  
-0.998462  
-0.998462  
-0.998462  
-0.998462  
-0.998462  
-0.998462  
-0.998462  
-0.998462  
-0.998462  
-0.998462  
-0.998462  
-0.998462  
-0.998462  
-0.998462  
-0.998462  
-0.998462  
-0.998462  
-0.998462  
-0.998462  
-0.998462  
-0.998462  
-0.998462  
-0.998462  
-0.998462  
-0.998462  
-0.998462  
-0.998462  
-0.998462  
-0.998462  
-0.998462  
-0.998462  
-0.998462  
-0.998462  
-0.998462  
-0.998462  
-0.998462  
-0.998462  
-0.998462  
-0.998462  
-0.998462  
-0.998462  
-0.998462  
-0.998462  
-0.998462  
-0.998462  
-0.998462  
-0.998462  
-0.998462  
-0.998462  
-0.998462  
-0.998462  
-0.998462  
-0.998462  
-0.998462  
-0.998462  
-0.998462  
-0.998462  
-0.998462  
-0.998462  
-0.998462  
-0.998462  
-0.998462  
-0.998462  
-0.998462  
-0.998462  
-0.998462  
-0.998462  
-0.998462  
-0.998462  
-0.998462  
-0.998462  
-0.998462  
-0.998462  
-0.998462  
-0.998462  
-0.998462  
-0.998462  
-0.998462  
-0.998462  
-0.998462  
-0.998462  
-0.998462  
-0.998462  
-0.998462  
-0.998462  
-0.998462  
-0.998462  
-0.998462  
-0.998462  
-0.998462  
-0.998462  
-0.998462  
-0.998462  
-0.998462  
-0.998462  
-0.998462  
-0.998462  
-0.998462  
-0.998462  
-0.998462  
-0.998462  
-0.998462  
-0.998462  
-0.998462  
-0.998462  
-0.998462  
-0.998462  
-0.998462  
-0.998462  
-0.998462  
-0.998462  
-0.998462  
-0.998462  
-0.998462  
-0.998462  
-0.998462  
-0.998462  
-0.998462  
-0.998462  
-0.998462  
-0.998462  
-0.998462  
-0.998462  
-0.998462  
-0.998462  
-0.998462  
-0.998462  
-0.998462  
-0.998462  
-0.998462  
-0.998462  
-0.998462  
-0.998462  
-0.998462  
-0.998462  
-0.998462  
-0.998462  
-0.998462  
-0.998462  
-0.998462  
-0.998462  
-0.998462  
-0.998462  
-0.998462  
-0.998462  
-0.998462  
-0.998462  
-0.998462  
-0.998462  
-0.998462  
-0.998462  
-0.998462  
-0.998462  
-0.998462  
-0.998462  
-0.998462  
-0.998462  
-0.998462  
-0.998462  
-0.998462  
-0.998462  
-0.998462  
-0.998462  
-0.998462  
-0.998462  
-0.998462  
-0.998462  
-0.998462  
-0.998462  
-0.998462  
-0.998462  
-0.998462  
-0.998462  
-0.998462  
-0.998462  
-0.998462  
-0.998462  
-0.998462  
-0.998462  
-0.998462  
-0.998462  
-0.998462  
-0.998462  
-0.998462  
-0.998462  
-0.998462  
-0.998462  
-0.998462  
-0.998462  
-0.998462  
-0.998462  
-0.998462  
-0.998462  
-0.998462  
-0.998462  
-0.998462  
-0.998462  
-0.998462  
-0.998462  
-0.998462  
-0.998462  
-0.998462  
-0.998462  
-0.998462  
-0.998462  
-0.998462  
-0.998462  
-0.998462  
-0.998462  
-0.998462  
-0.998462  
-0.998462  
-0.998462  
-0.998462  
-0.998462  
-0.998462  
-0.998462  
-0.998462  
-0.998462  
-0.998462  
-0.998462  
-0.998462  
-0.998462  
-0.998462  
-0.998462  
-0.998462  
-0.998462  
-0.998462  
-0.998462  
-0.998462  
-0.998462  
-0.998462  
-0.998462  
-0.998462  
-0.998462  
-0.998462  
-0.998462  
-0.998462  
-0.998462  
-0.998462  
-0.998462  
-0.998462  
-0.998462  
-0.998462  
-0.998462  
-0.998462  
-0.998462  
-0.998462  
-0.998462  
-0.998462  
-0.998462  
-0.998462  
-0.998462  
-0.998462  
-0.998462  
-0.998462  
-0.998462  
-0.998462  
-0.998462  
-0.998462  
-0.998462  
-0.998462  
-0.998462  
-0.998462  
-0.998462  
-0.998462  
-0.998462  
-0.998462  
-0.998462  
-0.998462  
-0.998462  
-0.998462  
-0.998462  
-0.998462  
-0.998462  
-0.998462  
-0.998462  
-0.998462  
-0.998462  
-0.998462  
-0.998462  
-0.998462  
-0.998462  
-0.998462  
-0.998462  
-0.998462  
-0.998462  
-0.998462  
-0.998462  
-0.998462  
-0.998462  
-0.998462  
-0.998462  
-0.998462  
-0.998462  
-0.998462  
-0.998462  
-0.998462  
-0.998462  
-0.998462  
-0.998462  
-0.998462  
-0.998462  
-0.998462  
-0.998462  
-0.998462  
-0.998462  
-0.998462  
-0.998462  
-0.998462  
-0.998462  
-0.998462  
-0.998462  
-0.998462  
-0.998462  
-0.998462  
-0.998462  
-0.998462  
-0.998462  
-0.998462  
-0.998462  
-0.998462  
-0.998462  
-0.998462  
-0.998462  
-0.998462  
-0.998462  
-0.998462  
-0.998462  
-0.998462  
-0.998462  
-0.998462  
-0.998462  
-0.998462  
-0.998462  
-0.998462  
-0.998462  
-0.998462  
-0.998462  
-0.998462  
-0.998462  
-0.998462  
-0.998462  
-0.998462  
-0.998462  
-0.998462  
-0.998462  
-0.998462  
-0.998462  
-0.998462  
-0.998462  
-0.998462  
-0.998462  
-0.998462  
-0.998462  
-0.998462  
-0.998462  
-0.998462  
-0.998462  
-0.998462  
-0.998462  
-0.998462  
-0.998462  
-0.998462  
-0.998462  
-0.998462  
-0.998462  
-0.998462  
-0.998462  
-0.998462  
-0.998462  
-0.998462  
-0.998462  
-0.998462  
-0.998462  
-0.998462  
-0.998462  
-0.998462  
-0.998462  
-0.998462  
-0.998462  
-0.998462  
-0.998462  
-0.998462  
-0.998462  
-0.998462  
-0.998462  
-0.998462  
