-4	-0.114601
-3.96	-0.0330314
-3.92	0.0269252
-3.88	0.0686444
-3.84	0.0951451
-3.8	0.109116
-3.76	0.112944
-3.72	0.108733
-3.68	0.0983308
-3.64	0.0833495
-3.6	0.065184
-3.56	0.0450323
-3.52	0.0239127
-3.48	0.00268042
-3.44	-0.0179564
-3.4	-0.0374222
-3.36	-0.0552608
-3.32	-0.071122
-3.28	-0.08475
-3.24	-0.0959725
-3.2	-0.10469
-3.16	-0.110867
-3.12	-0.114523
-3.08	-0.115723
-3.04	-0.114573
-3	-0.11121
-2.96	-0.105799
-2.92	-0.0985247
-2.88	-0.0895868
-2.84	-0.0791967
-2.8	-0.0675723
-2.76	-0.0549344
-2.72	-0.0415039
-2.68	-0.027498
-2.64	-0.0131284
-2.6	0.00140105
-2.56	0.0158964
-2.52	0.0301751
-2.48	0.0440673
-2.44	0.0574169
-2.4	0.0700823
-2.36	0.081937
-2.32	0.09287
-2.28	0.102786
-2.24	0.111606
-2.2	0.119265
-2.16	0.125715
-2.12	0.130922
-2.08	0.134867
-2.04	0.137545
-2	0.138963
-1.96	0.139143
-1.92	0.138115
-1.88	0.135923
-1.84	0.132619
-1.8	0.128265
-1.76	0.12293
-1.72	0.116692
-1.68	0.109632
-1.64	0.101839
-1.6	0.0934049
-1.56	0.084424
-1.52	0.0749941
-1.48	0.0652137
-1.44	0.055182
-1.4	0.0449974
-1.36	0.0347575
-1.32	0.0245577
-1.28	0.0144907
-1.24	0.00464583
-1.2	-0.00489167
-1.16	-0.0140411
-1.12	-0.0227271
-1.08	-0.0308796
-1.04	-0.0384349
-1	-0.0453355
-0.96	-0.0515306
-0.92	-0.0569766
-0.88	-0.0616369
-0.84	-0.0654822
-0.8	-0.0684907
-0.76	-0.0706479
-0.72	-0.0719469
-0.68	-0.0723879
-0.64	-0.0719787
-0.6	-0.070734
-0.56	-0.0686753
-0.52	-0.0658306
-0.48	-0.0622347
-0.44	-0.0579278
-0.4	-0.0529563
-0.36	-0.0473713
-0.32	-0.041229
-0.28	-0.0345898
-0.24	-0.0275182
-0.2	-0.0200816
-0.16	-0.0123506
-0.12	-0.00439792
-0.0800002	0.00370207
-0.0400002	0.0118737
0	0.0200409
0.04	0.0281273
0.0799999	0.0360572
0.12	0.0437562
0.16	0.0511513
0.2	0.0581719
0.24	0.0647501
0.28	0.0708212
0.32	0.0763244
0.36	0.0812032
0.4	0.0854055
0.44	0.0888845
0.48	0.0915991
0.52	0.0935138
0.56	0.0945995
0.6	0.0948334
0.64	0.0941994
0.68	0.0926887
0.72	0.0902991
0.76	0.0870359
0.8	0.0829116
0.84	0.0779459
0.88	0.0721658
0.92	0.0656055
0.96	0.0583061
1	0.0503157
1.04	0.0416889
1.08	0.0324866
1.12	0.0227757
1.16	0.0126286
1.2	0.00212295
1.24	-0.00865908
1.28	-0.0196312
1.32	-0.0307036
1.36	-0.0417835
1.4	-0.0527763
1.44	-0.0635854
1.48	-0.0741136
1.52	-0.0842641
1.56	-0.0939405
1.6	-0.103048
1.64	-0.111496
1.68	-0.119194
1.72	-0.12606
1.76	-0.132013
1.8	-0.13698
1.84	-0.140897
1.88	-0.143704
1.92	-0.145353
1.96	-0.145803
2	-0.145025
2.04	-0.143001
2.08	-0.139723
2.12	-0.135198
2.16	-0.129444
2.2	-0.122493
2.24	-0.11439
2.28	-0.105196
2.32	-0.0949856
2.36	-0.0838463
2.4	-0.0718812
2.44	-0.0592067
2.48	-0.0459534
2.52	-0.0322642
2.56	-0.0182943
2.6	-0.00421016
2.64	0.00981199
2.68	0.0235874
2.72	0.0369248
2.76	0.0496278
2.8	0.0614981
2.84	0.0723375
2.88	0.0819508
2.92	0.0901495
2.96	0.0967549
3	0.101603
3.04	0.104548
3.08	0.105468
3.12	0.10427
3.16	0.100896
3.2	0.095328
3.24	0.0875981
3.28	0.0777923
3.32	0.0660607
3.36	0.0526254
3.4	0.03779
3.44	0.021949
3.48	0.00559967
3.52	-0.0106482
3.56	-0.0260591
3.6	-0.0397597
3.64	-0.0507245
3.68	-0.0577618
3.72	-0.0594982
3.76	-0.0543623
3.8	-0.0405675
3.84	-0.0160938
3.88	0.0213316
3.92	0.0742538
3.96	0.145514
4	0.238265


-4	0.0588306
-3.96	0.012428
-3.92	0.0328704
-3.88	0.0440982
-3.84	0.0382522
-3.8	0.0216471
-3.76	0.0013192
-3.72	-0.0167142
-3.68	-0.0275854
-3.64	-0.0282555
-3.6	-0.018309
-3.56	-0.000152673
-3.52	0.0216448
-3.48	0.0416658
-3.44	0.0551543
-3.4	0.0592609
-3.36	0.0536992
-3.32	0.0406999
-3.28	0.0243417
-3.24	0.00947394
-3.2	0.000507277
-3.16	0.000344193
-3.12	0.00965485
-3.08	0.0266186
-3.04	0.0471539
-3	0.065567
-2.96	0.0754936
-2.92	0.0709669
-2.88	0.047442
-2.84	0.00262596
-2.8	-0.0629981
-2.76	-0.146016
-2.72	-0.240305
-2.68	-0.337601
-2.64	-0.428324
-2.6	-0.502569
-2.56	-0.55114
-2.52	-0.566514
-2.48	-0.543643
-2.44	-0.480502
-2.4	-0.378358
-2.36	-0.241721
-2.32	-0.0780072
-2.28	0.103049
-2.24	0.290173
-2.2	0.471443
-2.16	0.63522
-2.12	0.771023
-2.08	0.8703
-2.04	0.927014
-2	0.938025
-1.96	0.903241
-1.92	0.825526
-1.88	0.710409
-1.84	0.565606
-1.8	0.400401
-1.76	0.224964
-1.72	0.049618
-1.68	-0.115849
-1.64	-0.262802
-1.6	-0.384263
-1.56	-0.475266
-1.52	-0.533061
-1.48	-0.557145
-1.44	-0.549139
-1.4	-0.512536
-1.36	-0.452326
-1.32	-0.374556
-1.28	-0.285843
-1.24	-0.192889
-1.2	-0.10202
-1.16	-0.0187901
-1.12	0.0523302
-1.08	0.108169
-1.04	0.146957
-1	0.168324
-0.96	0.173199
-0.92	0.163622
-0.88	0.142492
-0.84	0.113271
-0.8	0.0796688
-0.76	0.0453402
-0.72	0.0136019
-0.68	-0.0127988
-0.64	-0.0318546
-0.6	-0.042399
-0.56	-0.0441346
-0.52	-0.0375894
-0.48	-0.024011
-0.44	-0.00520892
-0.4	0.0166392
-0.36	0.0391995
-0.32	0.0601966
-0.28	0.0776102
-0.24	0.0898418
-0.2	0.0958384
-0.16	0.0951631
-0.12	0.0880111
-0.0800002	0.07517
-0.0400002	0.0579295
0	0.0379495
0.04	0.017099
0.0799999	-0.00272245
0.12	-0.0197622
0.16	-0.0325777
0.2	-0.0401724
0.24	-0.0420899
0.28	-0.038461
0.32	-0.0299968
0.36	-0.0179298
0.4	-0.00390466
0.44	0.0101719
0.48	0.0223102
0.52	0.0306324
0.56	0.0335656
0.6	0.0300189
0.64	0.0195259
0.68	0.00234101
0.72	-0.0205213
0.76	-0.0473119
0.8	-0.0756384
0.84	-0.102618
0.88	-0.125087
0.92	-0.139848
0.96	-0.143943
1	-0.134935
1.04	-0.111164
1.08	-0.0719695
1.12	-0.0178527
1.16	0.0494362
1.2	0.126902
1.24	0.210402
1.28	0.294838
1.32	0.374439
1.36	0.443117
1.4	0.494877
1.44	0.524248
1.48	0.526729
1.52	0.499178
1.56	0.440154
1.6	0.350149
1.64	0.231711
1.68	0.0894196
1.72	-0.0702741
1.76	-0.239361
1.8	-0.408713
1.84	-0.568636
1.88	-0.709494
1.92	-0.82237
1.96	-0.899711
2	-0.935918
2.04	-0.927823
2.08	-0.875008
2.12	-0.779945
2.16	-0.647922
2.2	-0.486756
2.24	-0.306297
2.28	-0.117757
2.32	0.0670933
2.36	0.236808
2.4	0.381145
2.44	0.491883
2.48	0.563481
2.52	0.593539
2.56	0.582984
2.6	0.535959
2.64	0.459415
2.68	0.362426
2.72	0.255281
2.76	0.148442
2.8	0.0514703
2.84	-0.0279612
2.88	-0.0848439
2.92	-0.117299
2.96	-0.126647
3	-0.11706
3.04	-0.0947974
3.08	-0.0671336
3.12	-0.0410958
3.16	-0.0222185
3.2	-0.0135296
3.24	-0.0149831
3.28	-0.0235094
3.32	-0.0337637
3.36	-0.03952
3.4	-0.035492
3.44	-0.019195
3.48	0.00767297
3.52	0.0389094
3.56	0.0650145
3.6	0.0760972
3.64	0.0660889
3.68	0.0370876
3.72	0.00177461
3.76	-0.0187937
3.8	-0.00443905
3.84	0.0478071
3.88	0.106748
3.92	0.109639
3.96	0.030414
4	0.104756


-4	0.0679775
-3.96	-0.0204
-3.92	0.0509832
-3.88	0.0785997
-3.84	0.0401904
-3.8	-0.0171918
-3.76	-0.0344726
-3.72	-0.0113542
-3.68	0.0111294
-3.64	0.00665322
-3.6	-0.0139542
-3.56	-0.0228232
-3.52	-0.0047381
-3.48	0.0316035
-3.44	0.0638443
-3.4	0.073866
-3.36	0.058869
-3.32	0.0303727
-3.28	0.00504368
-3.24	-0.00513429
-3.2	0.00222982
-3.16	0.0211438
-3.12	0.0421717
-3.08	0.0575137
-3.04	0.0636371
-3	0.0608521
-2.96	0.0509354
-2.92	0.0345925
-2.88	0.0101995
-2.84	-0.0256794
-2.8	-0.0764531
-2.76	-0.143345
-2.72	-0.223902
-2.68	-0.311752
-2.64	-0.397593
-2.6	-0.470953
-2.56	-0.522067
-2.52	-0.543297
-2.48	-0.529823
-2.44	-0.479651
-2.4	-0.393226
-2.36	-0.272998
-2.32	-0.123213
-2.28	0.0499992
-2.24	0.238381
-2.2	0.431392
-2.16	0.616455
-2.12	0.779735
-2.08	0.907493
-2.04	0.98781
-2	1.01233
-1.96	0.977691
-1.92	0.886206
-1.88	0.745771
-1.84	0.568848
-1.8	0.370805
-1.76	0.167907
-1.72	-0.0246726
-1.68	-0.194472
-1.64	-0.332754
-1.6	-0.434841
-1.56	-0.499811
-1.52	-0.52974
-1.48	-0.528737
-1.44	-0.501975
-1.4	-0.45493
-1.36	-0.392902
-1.32	-0.320817
-1.28	-0.243247
-1.24	-0.164514
-1.2	-0.0887556
-1.16	-0.0198882
-1.12	0.0385887
-1.08	0.0838978
-1.04	0.114329
-1	0.129517
-0.96	0.130559
-0.92	0.119916
-0.88	0.101086
-0.84	0.0780938
-0.8	0.054898
-0.76	0.0348228
-0.72	0.0201236
-0.68	0.0117682
-0.64	0.00946607
-0.6	0.0119243
-0.56	0.0172621
-0.52	0.0234874
-0.48	0.0289286
-0.44	0.0325367
-0.4	0.0340034
-0.36	0.0336891
-0.32	0.0324
-0.28	0.0310817
-0.24	0.0305154
-0.2	0.0310929
-0.16	0.032723
-0.12	0.0348834
-0.0800002	0.0367948
-0.0400002	0.0376638
0	0.036922
0.04	0.0343947
0.0799999	0.0303527
0.12	0.025431
0.16	0.0204391
0.2	0.0161128
0.24	0.0128797
0.28	0.0107057
0.32	0.00906985
0.36	0.00708458
0.4	0.00373431
0.44	-0.00182514
0.48	-0.00998579
0.52	-0.0205059
0.56	-0.0324861
0.6	-0.0445241
0.64	-0.055021
0.68	-0.0625701
0.72	-0.066326
0.76	-0.0662519
0.8	-0.0631576
0.84	-0.0584929
0.88	-0.0539169
0.92	-0.0507305
0.96	-0.049303
1	-0.0486476
1.04	-0.0462832
1.08	-0.0384686
1.12	-0.0208176
1.16	0.0107868
1.2	0.0591414
1.24	0.124748
1.28	0.205138
1.32	0.294673
1.36	0.384925
1.4	0.465599
1.44	0.525877
1.48	0.555958
1.52	0.548491
1.56	0.499664
1.6	0.409744
1.64	0.282985
1.68	0.126978
1.72	-0.048403
1.76	-0.232198
1.8	-0.413448
1.84	-0.581985
1.88	-0.728836
1.92	-0.846292
1.96	-0.927812
2	-0.96798
2.04	-0.962697
2.08	-0.909724
2.12	-0.809491
2.16	-0.665972
2.2	-0.487276
2.24	-0.285626
2.28	-0.0764932
2.32	0.123142
2.36	0.297133
2.4	0.432644
2.44	0.522142
2.48	0.564359
2.52	0.563921
2.56	0.529682
2.6	0.472257
2.64	0.401496
2.68	0.324676
2.72	0.245987
2.76	0.16739
2.8	0.0903641
2.84	0.0176664
2.88	-0.0458467
2.92	-0.0939426
2.96	-0.121148
3	-0.12542
3.04	-0.10996
3.08	-0.0829898
3.12	-0.0551204
3.16	-0.0352367
3.2	-0.0268632
3.24	-0.0270951
3.28	-0.0290304
3.32	-0.0265391
3.36	-0.0183362
3.4	-0.00817107
3.44	-0.000368775
3.48	0.00596316
3.52	0.0179768
3.56	0.041505
3.6	0.0692293
3.64	0.0780358
3.68	0.0476813
3.72	-0.00769333
3.76	-0.0331992
3.8	0.012103
3.84	0.0807078
3.88	0.0840634
3.92	0.0745236
3.96	0.0664709
4	0.0958741


