0.100000 1 
0.200000 1 
0.300000 0.99 
0.400000 0.9701 
0.500000 0.940499 
0.600000 0.901493 
0.700000 0.853472 
0.800000 0.796916 
0.900000 0.732391 
1.000000 0.660542 
1.100000 0.582088 
1.200000 0.497813 
1.300000 0.40856 
1.400000 0.315221 
1.500000 0.21873 
1.600000 0.120051 
1.700000 0.0201723 
1.800000 -0.0799084 
1.900000 -0.17919 
2.000000 -0.27668 
2.100000 -0.371403 
2.200000 -0.462411 
2.300000 -0.548796 
2.400000 -0.629693 
2.500000 -0.704293 
2.600000 -0.771849 
2.700000 -0.831688 
2.800000 -0.883209 
2.900000 -0.925898 
3.000000 -0.959329 
3.100000 -0.983166 
3.200000 -0.997171 
3.300000 -1.0012 
3.400000 -0.995226 
3.500000 -0.979295 
3.600000 -0.953571 
3.700000 -0.918312 
3.800000 -0.873869 
3.900000 -0.820688 
4.000000 -0.759299 
4.100000 -0.690318 
4.200000 -0.614434 
4.300000 -0.532405 
4.400000 -0.445052 
4.500000 -0.353248 
4.600000 -0.257912 
4.700000 -0.159997 
4.800000 -0.060482 
4.900000 0.0396379 
5.000000 0.139361 
5.100000 0.237691 
5.200000 0.333644 
5.300000 0.426261 
5.400000 0.514615 
5.500000 0.597823 
5.600000 0.675052 
5.700000 0.745531 
5.800000 0.808555 
5.900000 0.863493 
6.000000 0.909796 
6.100000 0.947001 
6.200000 0.974736 
6.300000 0.992724 
6.400000 1.00078 
6.500000 0.998837 
6.600000 0.986901 
6.700000 0.965096 
6.800000 0.93364 
6.900000 0.892848 
7.000000 0.843127 
7.100000 0.784975 
7.200000 0.718973 
7.300000 0.645781 
7.400000 0.566132 
7.500000 0.480821 
7.600000 0.390702 
7.700000 0.296676 
7.800000 0.199683 
7.900000 0.100694 
8.000000 0.000697047 
8.100000 -0.0993066 
8.200000 -0.198317 
8.300000 -0.295344 
8.400001 -0.389418 
8.500000 -0.479598 
8.600000 -0.564982 
8.700000 -0.644715 
8.800000 -0.718002 
8.900001 -0.784109 
9.000000 -0.842374 
9.100000 -0.892216 
9.200000 -0.933136 
9.300000 -0.964724 
9.400001 -0.986665 
9.500000 -0.998739 
9.600000 -1.00083 
9.700000 -0.992904 
9.800000 -0.975054 
9.900001 -0.947453 
10.000000 -0.910377 
10.100000 -0.864197 
10.200000 -0.809376 
10.300000 -0.746461 
10.400001 -0.676081 
10.500000 -0.59894 
10.600000 -0.51581 
10.700000 -0.427522 
10.800000 -0.334958 
10.900001 -0.239045 
11.000000 -0.140742 
11.100000 -0.0410309 
11.200000 0.0590904 
11.300000 0.158621 
11.400001 0.256565 
11.500000 0.351943 
11.600000 0.443802 
11.700000 0.531224 
11.800000 0.613332 
11.900001 0.689308 
12.000000 0.75839 
12.100000 0.819888 
12.200000 0.873188 
12.300000 0.917755 
12.400001 0.953145 
12.500000 0.979004 
12.600000 0.995072 
12.700000 1.00119 
12.800000 0.997296 
12.900001 0.983429 
13.000000 0.959727 
13.100000 0.926428 
13.200000 0.883865 
13.300000 0.832463 
13.400001 0.772737 
13.500000 0.705283 
13.600000 0.630776 
13.700000 0.549962 
13.800000 0.463647 
13.900001 0.372697 
14.000000 0.278019 
14.100000 0.180561 
14.200000 0.0812979 
14.300000 -0.0187784 
14.400001 -0.118667 
14.500000 -0.217369 
14.600000 -0.313897 
14.700000 -0.407287 
14.800000 -0.496603 
14.900001 -0.580953 
15.000000 -0.659494 
15.100000 -0.73144 
15.200000 -0.796071 
15.300000 -0.852742 
15.400001 -0.900885 
15.500000 -0.94002 
15.600000 -0.969754 
15.700000 -0.98979 
15.800000 -0.999929 
15.900001 -1.00007 
16.000000 -0.990207 
16.100000 -0.970443 
16.200001 -0.940975 
16.300001 -0.902098 
16.400000 -0.854199 
16.500000 -0.797758 
16.600000 -0.73334 
16.700001 -0.661588 
16.800001 -0.58322 
16.900000 -0.49902 
17.000000 -0.40983 
17.100000 -0.316542 
17.200001 -0.220088 
17.300001 -0.121433 
17.400000 -0.021564 
17.500000 0.0785207 
17.600000 0.17782 
17.700001 0.275342 
17.800001 0.370109 
17.900000 0.461176 
18.000000 0.547631 
18.100000 0.62861 
18.200001 0.703302 
18.300001 0.770962 
18.400000 0.830912 
18.500000 0.882553 
18.600000 0.925368 
18.700001 0.958929 
18.800001 0.982901 
18.900000 0.997045 
19.000000 1.00122 
19.100000 0.995378 
19.200001 0.979584 
19.300001 0.953995 
19.400000 0.918866 
19.500000 0.874548 
19.600000 0.821484 
19.700001 0.760206 
19.800001 0.691326 
19.900000 0.615532 
20.000000 0.533583 
20.100000 0.446298 
20.200001 0.35455 
20.300001 0.259257 
20.400000 0.161371 
20.500000 0.0618715 
20.600000 -0.0382468 
20.700001 -0.137983 
20.800001 -0.236339 
20.900000 -0.332332 
21.000000 -0.425001 
21.100000 -0.51342 
21.200001 -0.596705 
21.300001 -0.674023 
21.400000 -0.744601 
21.500000 -0.807733 
21.600000 -0.862787 
21.700001 -0.909214 
21.800001 -0.946548 
21.900000 -0.974417 
22.000000 -0.992541 
22.100000 -1.00074 
22.200001 -0.998932 
22.300001 -0.987135 
22.400000 -0.965466 
22.500000 -0.934142 
22.600000 -0.893477 
22.700001 -0.843877 
22.800001 -0.785838 
22.900000 -0.719941 
23.000000 -0.646845 
23.100000 -0.56728 
23.200001 -0.482042 
23.300001 -0.391984 
23.400000 -0.298005 
23.500000 -0.201047 
23.600000 -0.102078 
23.700001 -0.00208914 
23.800001 0.0979212 
23.900000 0.196952 
24.000000 0.294014 
24.100000 0.388135 
24.200001 0.478376 
24.300001 0.563832 
24.400000 0.64365 
24.500000 0.717031 
24.600000 0.783242 
24.700001 0.841621 
24.800001 0.891583 
24.900000 0.93263 
25.000000 0.96435 
25.100000 0.986427 
25.200001 0.998639 
25.300001 1.00087 
25.400000 0.993083 
25.500000 0.975369 
25.600000 0.947902 
25.700001 0.910956 
25.800001 0.8649 
25.900000 0.810195 
26.000000 0.747388 
26.100000 0.677107 
26.200001 0.600055 
26.300001 0.517003 
26.400000 0.42878 
26.500000 0.33627 
26.600000 0.240397 
26.700001 0.14212 
26.800001 0.0424216 
26.900000 -0.0577008 
27.000000 -0.157246 
27.100000 -0.255219 
27.200001 -0.35064 
27.300001 -0.442554 
27.400000 -0.530043 
27.500000 -0.612231 
27.600000 -0.688297 
27.700001 -0.75748 
27.800001 -0.819088 
27.900000 -0.872506 
28.000000 -0.917198 
28.100000 -0.952718 
28.200001 -0.978711 
28.300001 -0.994917 
28.400000 -1.00117 
28.500000 -0.997418 
28.600000 -0.983689 
28.700001 -0.960123 
28.800001 -0.926955 
28.900000 -0.884518 
29.000000 -0.833236 
29.100000 -0.773621 
29.200001 -0.70627 
29.300001 -0.631857 
29.400000 -0.551124 
29.500000 -0.464881 
29.600000 -0.373988 
29.700001 -0.279356 
29.800001 -0.18193 
29.900000 -0.0826853 
30.000000 0.0173867 
