-5	0.0170662
-4.99	0.0159237
-4.98	0.0147996
-4.97	0.013694
-4.96	0.0126066
-4.95	0.0115374
-4.94	0.0104864
-4.93	0.00945331
-4.92	0.00843814
-4.91	0.00744078
-4.9	0.00646112
-4.89	0.00549908
-4.88	0.00455455
-4.87	0.00362743
-4.86	0.00271764
-4.85	0.00182508
-4.84	0.000949639
-4.83	9.12361e-05
-4.82	-0.000750229
-4.81	-0.00157485
-4.8	-0.00238272
-4.79	-0.00317395
-4.78	-0.00394861
-4.77	-0.00470681
-4.76	-0.00544863
-4.75	-0.00617419
-4.74	-0.00688356
-4.73	-0.00757684
-4.72	-0.00825412
-4.71	-0.00891551
-4.7	-0.00956108
-4.69	-0.0101909
-4.68	-0.0108052
-4.67	-0.0114039
-4.66	-0.0119871
-4.65	-0.0125551
-4.64	-0.0131077
-4.63	-0.0136452
-4.62	-0.0141676
-4.61	-0.0146751
-4.6	-0.0151676
-4.59	-0.0156454
-4.58	-0.0161084
-4.57	-0.0165569
-4.56	-0.0169908
-4.55	-0.0174102
-4.54	-0.0178153
-4.53	-0.0182062
-4.52	-0.0185829
-4.51	-0.0189455
-4.5	-0.0192941
-4.49	-0.0196288
-4.48	-0.0199497
-4.47	-0.0202568
-4.46	-0.0205503
-4.45	-0.0208303
-4.44	-0.0210968
-4.43	-0.0213499
-4.42	-0.0215898
-4.41	-0.0218164
-4.4	-0.02203
-4.39	-0.0222305
-4.38	-0.022418
-4.37	-0.0225927
-4.36	-0.0227547
-4.35	-0.0229039
-4.34	-0.0230406
-4.33	-0.0231647
-4.32	-0.0232764
-4.31	-0.0233758
-4.3	-0.0234629
-4.29	-0.0235379
-4.28	-0.0236007
-4.27	-0.0236516
-4.26	-0.0236905
-4.25	-0.0237176
-4.24	-0.0237329
-4.23	-0.0237366
-4.22	-0.0237287
-4.21	-0.0237093
-4.2	-0.0236785
-4.19	-0.0236363
-4.18	-0.0235829
-4.17	-0.0235183
-4.16	-0.0234426
-4.15	-0.0233559
-4.14	-0.0232583
-4.13	-0.0231498
-4.12	-0.0230305
-4.11	-0.0229006
-4.1	-0.0227601
-4.09	-0.0226091
-4.08	-0.0224476
-4.07	-0.0222757
-4.06	-0.0220936
-4.05	-0.0219013
-4.04	-0.0216988
-4.03	-0.0214863
-4.02	-0.0212638
-4.01	-0.0210315
-4	-0.0207893
-3.99	-0.0205375
-3.98	-0.0202759
-3.97	-0.0200048
-3.96	-0.0197242
-3.95	-0.0194342
-3.94	-0.0191349
-3.93	-0.0188262
-3.92	-0.0185084
-3.91	-0.0181815
-3.9	-0.0178456
-3.89	-0.0175007
-3.88	-0.017147
-3.87	-0.0167844
-3.86	-0.0164131
-3.85	-0.0160332
-3.84	-0.0156447
-3.83	-0.0152476
-3.82	-0.0148422
-3.81	-0.0144284
-3.8	-0.0140064
-3.79	-0.0135761
-3.78	-0.0131377
-3.77	-0.0126913
-3.76	-0.0122369
-3.75	-0.0117746
-3.74	-0.0113044
-3.73	-0.0108265
-3.72	-0.0103409
-3.71	-0.00984773
-3.7	-0.009347
-3.69	-0.0088388
-3.68	-0.00832321
-3.67	-0.00780029
-3.66	-0.00727013
-3.65	-0.00673279
-3.64	-0.00618834
-3.63	-0.00563685
-3.62	-0.00507841
-3.61	-0.00451307
-3.6	-0.00394091
-3.59	-0.00336199
-3.58	-0.0027764
-3.57	-0.00218419
-3.56	-0.00158544
-3.55	-0.000980221
-3.54	-0.000368598
-3.53	0.000249359
-3.52	0.000873579
-3.51	0.001504
-3.5	0.00214054
-3.49	0.00278314
-3.48	0.00343173
-3.47	0.00408624
-3.46	0.00474661
-3.45	0.00541276
-3.44	0.00608464
-3.43	0.00676216
-3.42	0.00744527
-3.41	0.0081339
-3.4	0.00882797
-3.39	0.00952744
-3.38	0.0102322
-3.37	0.0109423
-3.36	0.0116575
-3.35	0.0123778
-3.34	0.0131032
-3.33	0.0138336
-3.32	0.0145689
-3.31	0.0153091
-3.3	0.0160541
-3.29	0.0168038
-3.28	0.0175581
-3.27	0.0183171
-3.26	0.0190806
-3.25	0.0198486
-3.24	0.020621
-3.23	0.0213977
-3.22	0.0221788
-3.21	0.022964
-3.2	0.0237534
-3.19	0.0245469
-3.18	0.0253445
-3.17	0.026146
-3.16	0.0269514
-3.15	0.0277607
-3.14	0.0285738
-3.13	0.0293906
-3.12	0.0302111
-3.11	0.0310352
-3.1	0.0318628
-3.09	0.0326939
-3.08	0.0335284
-3.07	0.0343663
-3.06	0.0352075
-3.05	0.0360519
-3.04	0.0368996
-3.03	0.0377503
-3.02	0.0386041
-3.01	0.039461
-3	0.0403207
-2.99	0.0411834
-2.98	0.0420489
-2.97	0.0429172
-2.96	0.0437882
-2.95	0.0446619
-2.94	0.0455381
-2.93	0.0464169
-2.92	0.0472982
-2.91	0.0481819
-2.9	0.049068
-2.89	0.0499564
-2.88	0.0508471
-2.87	0.05174
-2.86	0.052635
-2.85	0.0535322
-2.84	0.0544313
-2.83	0.0553325
-2.82	0.0562356
-2.81	0.0571405
-2.8	0.0580473
-2.79	0.0589558
-2.78	0.0598661
-2.77	0.060778
-2.76	0.0616915
-2.75	0.0626065
-2.74	0.0635231
-2.73	0.0644411
-2.72	0.0653604
-2.71	0.0662812
-2.7	0.0672032
-2.69	0.0681264
-2.68	0.0690508
-2.67	0.0699763
-2.66	0.0709029
-2.65	0.0718306
-2.64	0.0727592
-2.63	0.0736887
-2.62	0.0746191
-2.61	0.0755503
-2.6	0.0764823
-2.59	0.077415
-2.58	0.0783484
-2.57	0.0792824
-2.56	0.0802169
-2.55	0.081152
-2.54	0.0820876
-2.53	0.0830235
-2.52	0.0839598
-2.51	0.0848965
-2.5	0.0858334
-2.49	0.0867706
-2.48	0.0877079
-2.47	0.0886454
-2.46	0.0895829
-2.45	0.0905204
-2.44	0.091458
-2.43	0.0923955
-2.42	0.0933329
-2.41	0.0942701
-2.4	0.0952071
-2.39	0.0961439
-2.38	0.0970803
-2.37	0.0980165
-2.36	0.0989522
-2.35	0.0998875
-2.34	0.100822
-2.33	0.101757
-2.32	0.10269
-2.31	0.103623
-2.3	0.104556
-2.29	0.105488
-2.28	0.106419
-2.27	0.107349
-2.26	0.108278
-2.25	0.109207
-2.24	0.110134
-2.23	0.111061
-2.22	0.111987
-2.21	0.112911
-2.2	0.113835
-2.19	0.114757
-2.18	0.115678
-2.17	0.116598
-2.16	0.117517
-2.15	0.118434
-2.14	0.11935
-2.13	0.120265
-2.12	0.121178
-2.11	0.122089
-2.1	0.123
-2.09	0.123908
-2.08	0.124815
-2.07	0.125721
-2.06	0.126624
-2.05	0.127526
-2.04	0.128427
-2.03	0.129325
-2.02	0.130222
-2.01	0.131117
-2	0.13201
-1.99	0.132901
-1.98	0.133789
-1.97	0.134676
-1.96	0.135561
-1.95	0.136444
-1.94	0.137325
-1.93	0.138203
-1.92	0.139079
-1.91	0.139953
-1.9	0.140825
-1.89	0.141694
-1.88	0.142561
-1.87	0.143426
-1.86	0.144288
-1.85	0.145148
-1.84	0.146005
-1.83	0.14686
-1.82	0.147712
-1.81	0.148562
-1.8	0.149408
-1.79	0.150253
-1.78	0.151094
-1.77	0.151933
-1.76	0.152769
-1.75	0.153602
-1.74	0.154432
-1.73	0.15526
-1.72	0.156084
-1.71	0.156906
-1.7	0.157724
-1.69	0.15854
-1.68	0.159352
-1.67	0.160162
-1.66	0.160968
-1.65	0.161771
-1.64	0.162571
-1.63	0.163368
-1.62	0.164162
-1.61	0.164952
-1.6	0.165739
-1.59	0.166523
-1.58	0.167303
-1.57	0.16808
-1.56	0.168853
-1.55	0.169623
-1.54	0.17039
-1.53	0.171153
-1.52	0.171913
-1.51	0.172669
-1.5	0.173421
-1.49	0.17417
-1.48	0.174915
-1.47	0.175656
-1.46	0.176394
-1.45	0.177128
-1.44	0.177858
-1.43	0.178584
-1.42	0.179307
-1.41	0.180026
-1.4	0.180741
-1.39	0.181452
-1.38	0.182159
-1.37	0.182862
-1.36	0.183561
-1.35	0.184256
-1.34	0.184947
-1.33	0.185634
-1.32	0.186317
-1.31	0.186996
-1.3	0.18767
-1.29	0.188341
-1.28	0.189007
-1.27	0.189669
-1.26	0.190327
-1.25	0.190981
-1.24	0.19163
-1.23	0.192275
-1.22	0.192916
-1.21	0.193552
-1.2	0.194184
-1.19	0.194812
-1.18	0.195435
-1.17	0.196054
-1.16	0.196668
-1.15	0.197278
-1.14	0.197883
-1.13	0.198484
-1.12	0.19908
-1.11	0.199672
-1.1	0.200259
-1.09	0.200841
-1.08	0.201419
-1.07	0.201992
-1.06	0.202561
-1.05	0.203124
-1.04	0.203683
-1.03	0.204238
-1.02	0.204787
-1.01	0.205332
-1	0.205872
-0.99	0.206407
-0.98	0.206938
-0.97	0.207463
-0.96	0.207984
-0.95	0.208499
-0.94	0.20901
-0.93	0.209516
-0.92	0.210017
-0.91	0.210513
-0.9	0.211004
-0.89	0.21149
-0.88	0.211971
-0.87	0.212447
-0.86	0.212918
-0.85	0.213384
-0.84	0.213845
-0.83	0.214301
-0.82	0.214751
-0.81	0.215197
-0.8	0.215637
-0.79	0.216072
-0.78	0.216502
-0.77	0.216927
-0.76	0.217347
-0.75	0.217761
-0.74	0.218171
-0.73	0.218575
-0.72	0.218974
-0.71	0.219367
-0.7	0.219755
-0.69	0.220138
-0.68	0.220516
-0.67	0.220888
-0.66	0.221255
-0.65	0.221617
-0.64	0.221973
-0.63	0.222324
-0.62	0.222669
-0.61	0.223009
-0.6	0.223344
-0.59	0.223673
-0.58	0.223997
-0.57	0.224316
-0.56	0.224629
-0.55	0.224936
-0.54	0.225238
-0.53	0.225535
-0.52	0.225826
-0.51	0.226112
-0.5	0.226392
-0.49	0.226667
-0.48	0.226936
-0.47	0.227199
-0.46	0.227457
-0.45	0.22771
-0.44	0.227957
-0.43	0.228198
-0.42	0.228434
-0.41	0.228664
-0.4	0.228888
-0.39	0.229107
-0.38	0.229321
-0.37	0.229529
-0.36	0.229731
-0.35	0.229927
-0.34	0.230118
-0.33	0.230304
-0.32	0.230483
-0.31	0.230657
-0.3	0.230826
-0.29	0.230988
-0.28	0.231145
-0.27	0.231297
-0.26	0.231442
-0.25	0.231582
-0.24	0.231716
-0.23	0.231845
-0.22	0.231968
-0.21	0.232085
-0.2	0.232197
-0.19	0.232303
-0.18	0.232403
-0.17	0.232497
-0.16	0.232586
-0.15	0.232669
-0.14	0.232746
-0.13	0.232818
-0.12	0.232883
-0.11	0.232943
-0.1	0.232998
-0.09	0.233046
-0.08	0.233089
-0.07	0.233126
-0.06	0.233158
-0.05	0.233184
-0.04	0.233204
-0.03	0.233218
-0.02	0.233226
-0.01	0.233229
-6.23078e-14	0.233226
0.01	0.233218
0.02	0.233203
0.03	0.233183
0.04	0.233157
0.05	0.233126
0.06	0.233088
0.07	0.233045
0.08	0.232996
0.09	0.232942
0.1	0.232882
0.11	0.232816
0.12	0.232744
0.13	0.232667
0.14	0.232584
0.15	0.232495
0.16	0.2324
0.17	0.2323
0.18	0.232194
0.19	0.232083
0.2	0.231965
0.21	0.231842
0.22	0.231714
0.23	0.231579
0.24	0.231439
0.25	0.231294
0.26	0.231142
0.27	0.230985
0.28	0.230823
0.29	0.230654
0.3	0.230481
0.31	0.230301
0.32	0.230116
0.33	0.229925
0.34	0.229729
0.35	0.229527
0.36	0.229319
0.37	0.229106
0.38	0.228887
0.39	0.228663
0.4	0.228433
0.41	0.228197
0.42	0.227956
0.43	0.22771
0.44	0.227457
0.45	0.2272
0.46	0.226937
0.47	0.226668
0.48	0.226394
0.49	0.226114
0.5	0.225829
0.51	0.225538
0.52	0.225242
0.53	0.224941
0.54	0.224634
0.55	0.224321
0.56	0.224003
0.57	0.22368
0.58	0.223352
0.59	0.223018
0.6	0.222678
0.61	0.222333
0.62	0.221983
0.63	0.221628
0.64	0.221267
0.65	0.220901
0.66	0.22053
0.67	0.220153
0.68	0.219771
0.69	0.219384
0.7	0.218992
0.71	0.218594
0.72	0.218191
0.73	0.217783
0.74	0.21737
0.75	0.216951
0.76	0.216528
0.77	0.216099
0.78	0.215665
0.79	0.215226
0.8	0.214782
0.81	0.214333
0.82	0.213878
0.83	0.213419
0.84	0.212955
0.85	0.212485
0.86	0.212011
0.87	0.211532
0.88	0.211047
0.89	0.210558
0.9	0.210064
0.91	0.209565
0.92	0.209061
0.93	0.208552
0.94	0.208038
0.95	0.207519
0.96	0.206996
0.97	0.206468
0.98	0.205935
0.99	0.205397
1	0.204854
1.01	0.204307
1.02	0.203755
1.03	0.203198
1.04	0.202637
1.05	0.202071
1.06	0.2015
1.07	0.200925
1.08	0.200345
1.09	0.199761
1.1	0.199172
1.11	0.198578
1.12	0.19798
1.13	0.197378
1.14	0.196771
1.15	0.196159
1.16	0.195544
1.17	0.194923
1.18	0.194299
1.19	0.19367
1.2	0.193037
1.21	0.192399
1.22	0.191757
1.23	0.191111
1.24	0.190461
1.25	0.189806
1.26	0.189148
1.27	0.188485
1.28	0.187818
1.29	0.187146
1.3	0.186471
1.31	0.185792
1.32	0.185109
1.33	0.184421
1.34	0.18373
1.35	0.183035
1.36	0.182336
1.37	0.181633
1.38	0.180926
1.39	0.180215
1.4	0.1795
1.41	0.178782
1.42	0.178059
1.43	0.177333
1.44	0.176604
1.45	0.17587
1.46	0.175133
1.47	0.174393
1.48	0.173648
1.49	0.1729
1.5	0.172149
1.51	0.171394
1.52	0.170636
1.53	0.169874
1.54	0.169109
1.55	0.16834
1.56	0.167568
1.57	0.166792
1.58	0.166014
1.59	0.165232
1.6	0.164446
1.61	0.163658
1.62	0.162866
1.63	0.162071
1.64	0.161273
1.65	0.160472
1.66	0.159668
1.67	0.158861
1.68	0.158051
1.69	0.157238
1.7	0.156422
1.71	0.155603
1.72	0.154781
1.73	0.153956
1.74	0.153129
1.75	0.152299
1.76	0.151466
1.77	0.15063
1.78	0.149792
1.79	0.148951
1.8	0.148107
1.81	0.147261
1.82	0.146412
1.83	0.145561
1.84	0.144707
1.85	0.143851
1.86	0.142993
1.87	0.142132
1.88	0.141269
1.89	0.140404
1.9	0.139536
1.91	0.138666
1.92	0.137794
1.93	0.13692
1.94	0.136044
1.95	0.135165
1.96	0.134285
1.97	0.133403
1.98	0.132518
1.99	0.131632
2	0.130744
2.01	0.129854
2.02	0.128962
2.03	0.128069
2.04	0.127174
2.05	0.126277
2.06	0.125378
2.07	0.124478
2.08	0.123576
2.09	0.122673
2.1	0.121769
2.11	0.120862
2.12	0.119955
2.13	0.119046
2.14	0.118136
2.15	0.117224
2.16	0.116312
2.17	0.115398
2.18	0.114482
2.19	0.113566
2.2	0.112649
2.21	0.111731
2.22	0.110811
2.23	0.109891
2.24	0.10897
2.25	0.108048
2.26	0.107125
2.27	0.106201
2.28	0.105277
2.29	0.104352
2.3	0.103426
2.31	0.1025
2.32	0.101573
2.33	0.100646
2.34	0.0997181
2.35	0.0987898
2.36	0.0978612
2.37	0.0969322
2.38	0.0960029
2.39	0.0950734
2.4	0.0941437
2.41	0.0932139
2.42	0.0922839
2.43	0.0913539
2.44	0.0904239
2.45	0.0894939
2.46	0.0885639
2.47	0.0876341
2.48	0.0867045
2.49	0.0857751
2.5	0.0848459
2.51	0.0839171
2.52	0.0829886
2.53	0.0820606
2.54	0.081133
2.55	0.0802059
2.56	0.0792793
2.57	0.0783534
2.58	0.0774281
2.59	0.0765035
2.6	0.0755797
2.61	0.0746567
2.62	0.0737345
2.63	0.0728132
2.64	0.0718929
2.65	0.0709735
2.66	0.0700552
2.67	0.069138
2.68	0.068222
2.69	0.0673072
2.7	0.0663936
2.71	0.0654813
2.72	0.0645704
2.73	0.0636609
2.74	0.0627528
2.75	0.0618463
2.76	0.0609413
2.77	0.060038
2.78	0.0591363
2.79	0.0582363
2.8	0.0573381
2.81	0.0564417
2.82	0.0555472
2.83	0.0546547
2.84	0.0537641
2.85	0.0528756
2.86	0.0519891
2.87	0.0511048
2.88	0.0502228
2.89	0.0493429
2.9	0.0484654
2.91	0.0475903
2.92	0.0467176
2.93	0.0458474
2.94	0.0449797
2.95	0.0441145
2.96	0.0432521
2.97	0.0423923
2.98	0.0415353
2.99	0.0406811
3	0.0398298
3.01	0.0389814
3.02	0.038136
3.03	0.0372936
3.04	0.0364544
3.05	0.0356183
3.06	0.0347854
3.07	0.0339558
3.08	0.0331295
3.09	0.0323066
3.1	0.0314871
3.11	0.0306712
3.12	0.0298588
3.13	0.0290501
3.14	0.028245
3.15	0.0274437
3.16	0.0266462
3.17	0.0258525
3.18	0.0250628
3.19	0.024277
3.2	0.0234953
3.21	0.0227177
3.22	0.0219442
3.23	0.021175
3.24	0.0204101
3.25	0.0196495
3.26	0.0188933
3.27	0.0181416
3.28	0.0173944
3.29	0.0166518
3.3	0.0159139
3.31	0.0151807
3.32	0.0144523
3.33	0.0137287
3.34	0.01301
3.35	0.0122963
3.36	0.0115876
3.37	0.010884
3.38	0.0101856
3.39	0.00949239
3.4	0.00880448
3.41	0.00812191
3.42	0.00744477
3.43	0.0067731
3.44	0.00610698
3.45	0.00544647
3.46	0.00479164
3.47	0.00414254
3.48	0.00349926
3.49	0.00286184
3.5	0.00223036
3.51	0.00160488
3.52	0.000985474
3.53	0.000372202
3.54	-0.000234867
3.55	-0.000835667
3.56	-0.00143013
3.57	-0.00201819
3.58	-0.00259978
3.59	-0.00317484
3.6	-0.00374329
3.61	-0.00430506
3.62	-0.00486009
3.63	-0.00540832
3.64	-0.00594967
3.65	-0.00648407
3.66	-0.00701145
3.67	-0.00753175
3.68	-0.0080449
3.69	-0.00855083
3.7	-0.00904946
3.71	-0.00954073
3.72	-0.0100246
3.73	-0.0105009
3.74	-0.0109697
3.75	-0.0114308
3.76	-0.0118842
3.77	-0.0123299
3.78	-0.0127676
3.79	-0.0131975
3.8	-0.0136193
3.81	-0.0140331
3.82	-0.0144388
3.83	-0.0148362
3.84	-0.0152254
3.85	-0.0156062
3.86	-0.0159785
3.87	-0.0163424
3.88	-0.0166977
3.89	-0.0170443
3.9	-0.0173823
3.91	-0.0177114
3.92	-0.0180317
3.93	-0.018343
3.94	-0.0186453
3.95	-0.0189386
3.96	-0.0192226
3.97	-0.0194975
3.98	-0.019763
3.99	-0.0200191
4	-0.0202658
4.01	-0.0205029
4.02	-0.0207304
4.03	-0.0209483
4.04	-0.0211564
4.05	-0.0213546
4.06	-0.0215429
4.07	-0.0217213
4.08	-0.0218895
4.09	-0.0220477
4.1	-0.0221956
4.11	-0.0223332
4.12	-0.0224604
4.13	-0.0225772
4.14	-0.0226835
4.15	-0.0227791
4.16	-0.0228641
4.17	-0.0229383
4.18	-0.0230017
4.19	-0.0230541
4.2	-0.0230956
4.21	-0.0231259
4.22	-0.0231452
4.23	-0.0231531
4.24	-0.0231498
4.25	-0.0231351
4.26	-0.0231089
4.27	-0.0230711
4.28	-0.0230218
4.29	-0.0229607
4.3	-0.0228878
4.31	-0.022803
4.32	-0.0227063
4.33	-0.0225976
4.34	-0.0224767
4.35	-0.0223437
4.36	-0.0221983
4.37	-0.0220406
4.38	-0.0218705
4.39	-0.0216878
4.4	-0.0214925
4.41	-0.0212846
4.42	-0.0210639
4.43	-0.0208303
4.44	-0.0205837
4.45	-0.0203242
4.46	-0.0200516
4.47	-0.0197657
4.48	-0.0194666
4.49	-0.0191542
4.5	-0.0188283
4.51	-0.0184889
4.52	-0.0181358
4.53	-0.0177691
4.54	-0.0173886
4.55	-0.0169943
4.56	-0.016586
4.57	-0.0161636
4.58	-0.0157272
4.59	-0.0152766
4.6	-0.0148116
4.61	-0.0143323
4.62	-0.0138385
4.63	-0.0133302
4.64	-0.0128073
4.65	-0.0122696
4.66	-0.0117171
4.67	-0.0111498
4.68	-0.0105674
4.69	-0.00997001
4.7	-0.00935743
4.71	-0.00872962
4.72	-0.00808647
4.73	-0.00742791
4.74	-0.00675383
4.75	-0.00606416
4.76	-0.00535881
4.77	-0.00463768
4.78	-0.00390069
4.79	-0.00314774
4.8	-0.00237876
4.81	-0.00159364
4.82	-0.000792305
4.83	2.53423e-05
4.84	0.000859391
4.85	0.00170993
4.86	0.00257705
4.87	0.00346084
4.88	0.0043614
4.89	0.00527881
4.9	0.00621317
4.91	0.00716456
4.92	0.00813308
4.93	0.00911882
4.94	0.0101219
4.95	0.0111423
4.96	0.0121803
4.97	0.0132358
4.98	0.014309
4.99	0.0154
5	0.0165089


-5	-0.0658981
-4.99	-0.0507742
-4.98	-0.0368047
-4.97	-0.0239395
-4.96	-0.0121299
-4.95	-0.00132858
-4.94	0.00851032
-4.93	0.0174314
-4.92	0.0254778
-4.91	0.0326916
-4.9	0.0391133
-4.89	0.0447825
-4.88	0.0497373
-4.87	0.0540146
-4.86	0.0576505
-4.85	0.0606795
-4.84	0.0631353
-4.83	0.0650503
-4.82	0.0664559
-4.81	0.0673826
-4.8	0.0678596
-4.79	0.0679154
-4.78	0.0675773
-4.77	0.0668716
-4.76	0.065824
-4.75	0.0644589
-4.74	0.0628
-4.73	0.0608702
-4.72	0.0586914
-4.71	0.0562847
-4.7	0.0536704
-4.69	0.0508681
-4.68	0.0478964
-4.67	0.0447735
-4.66	0.0415165
-4.65	0.038142
-4.64	0.0346658
-4.63	0.0311032
-4.62	0.0274685
-4.61	0.0237756
-4.6	0.0200379
-4.59	0.0162677
-4.58	0.0124773
-4.57	0.00867795
-4.56	0.00488055
-4.55	0.0010954
-4.54	-0.00266771
-4.53	-0.00639956
-4.52	-0.0100914
-4.51	-0.013735
-4.5	-0.0173225
-4.49	-0.0208467
-4.48	-0.0243007
-4.47	-0.0276781
-4.46	-0.0309729
-4.45	-0.0341796
-4.44	-0.0372929
-4.43	-0.040308
-4.42	-0.0432206
-4.41	-0.0460266
-4.4	-0.0487224
-4.39	-0.0513044
-4.38	-0.0537698
-4.37	-0.0561158
-4.36	-0.05834
-4.35	-0.0604402
-4.34	-0.0624148
-4.33	-0.0642621
-4.32	-0.0659809
-4.31	-0.0675701
-4.3	-0.069029
-4.29	-0.0703571
-4.28	-0.071554
-4.27	-0.0726197
-4.26	-0.0735542
-4.25	-0.074358
-4.24	-0.0750316
-4.23	-0.0755756
-4.22	-0.075991
-4.21	-0.0762788
-4.2	-0.0764402
-4.19	-0.0764767
-4.18	-0.0763897
-4.17	-0.076181
-4.16	-0.0758522
-4.15	-0.0754055
-4.14	-0.0748427
-4.13	-0.0741661
-4.12	-0.0733779
-4.11	-0.0724806
-4.1	-0.0714765
-4.09	-0.0703683
-4.08	-0.0691585
-4.07	-0.06785
-4.06	-0.0664454
-4.05	-0.0649476
-4.04	-0.0633596
-4.03	-0.0616844
-4.02	-0.0599249
-4.01	-0.0580842
-4	-0.0561655
-3.99	-0.0541719
-3.98	-0.0521065
-3.97	-0.0499727
-3.96	-0.0477736
-3.95	-0.0455125
-3.94	-0.0431927
-3.93	-0.0408174
-3.92	-0.03839
-3.91	-0.0359138
-3.9	-0.0333921
-3.89	-0.0308282
-3.88	-0.0282254
-3.87	-0.0255869
-3.86	-0.0229162
-3.85	-0.0202163
-3.84	-0.0174907
-3.83	-0.0147425
-3.82	-0.0119749
-3.81	-0.00919118
-3.8	-0.00639443
-3.79	-0.0035878
-3.78	-0.0007744
-3.77	0.00204272
-3.76	0.00486052
-3.75	0.00767601
-3.74	0.0104862
-3.73	0.0132883
-3.72	0.0160793
-3.71	0.0188565
-3.7	0.021617
-3.69	0.0243582
-3.68	0.0270773
-3.67	0.0297718
-3.66	0.0324391
-3.65	0.0350766
-3.64	0.0376818
-3.63	0.0402525
-3.62	0.0427862
-3.61	0.0452807
-3.6	0.0477336
-3.59	0.0501429
-3.58	0.0525064
-3.57	0.0548221
-3.56	0.057088
-3.55	0.0593022
-3.54	0.0614628
-3.53	0.0635679
-3.52	0.065616
-3.51	0.0676053
-3.5	0.0695342
-3.49	0.0714011
-3.48	0.0732047
-3.47	0.0749435
-3.46	0.0766161
-3.45	0.0782213
-3.44	0.0797579
-3.43	0.0812248
-3.42	0.0826208
-3.41	0.083945
-3.4	0.0851964
-3.39	0.0863742
-3.38	0.0874775
-3.37	0.0885056
-3.36	0.0894579
-3.35	0.0903336
-3.34	0.0911323
-3.33	0.0918535
-3.32	0.0924968
-3.31	0.0930618
-3.3	0.0935481
-3.29	0.0939557
-3.28	0.0942843
-3.27	0.0945338
-3.26	0.0947042
-3.25	0.0947954
-3.24	0.0948077
-3.23	0.094741
-3.22	0.0945956
-3.21	0.0943718
-3.2	0.0940698
-3.19	0.09369
-3.18	0.0932329
-3.17	0.0926989
-3.16	0.0920886
-3.15	0.0914025
-3.14	0.0906413
-3.13	0.0898056
-3.12	0.0888963
-3.11	0.087914
-3.1	0.0868597
-3.09	0.0857342
-3.08	0.0845385
-3.07	0.0832735
-3.06	0.0819402
-3.05	0.0805398
-3.04	0.0790734
-3.03	0.0775421
-3.02	0.075947
-3.01	0.0742896
-3	0.0725709
-2.99	0.0707924
-2.98	0.0689554
-2.97	0.0670613
-2.96	0.0651116
-2.95	0.0631076
-2.94	0.0610509
-2.93	0.058943
-2.92	0.0567855
-2.91	0.05458
-2.9	0.052328
-2.89	0.0500313
-2.88	0.0476916
-2.87	0.0453104
-2.86	0.0428895
-2.85	0.0404308
-2.84	0.0379359
-2.83	0.0354067
-2.82	0.032845
-2.81	0.0302527
-2.8	0.0276315
-2.79	0.0249833
-2.78	0.0223101
-2.77	0.0196138
-2.76	0.0168962
-2.75	0.0141594
-2.74	0.0114052
-2.73	0.00863568
-2.72	0.00585272
-2.71	0.00305835
-2.7	0.000254536
-2.69	-0.00255671
-2.68	-0.00537339
-2.67	-0.00819349
-2.66	-0.011015
-2.65	-0.0138359
-2.64	-0.0166542
-2.63	-0.0194678
-2.62	-0.0222748
-2.61	-0.025073
-2.6	-0.0278606
-2.59	-0.0306354
-2.58	-0.0333955
-2.57	-0.0361387
-2.56	-0.0388633
-2.55	-0.041567
-2.54	-0.044248
-2.53	-0.0469042
-2.52	-0.0495337
-2.51	-0.0521345
-2.5	-0.0547046
-2.49	-0.0572421
-2.48	-0.059745
-2.47	-0.0622115
-2.46	-0.0646396
-2.45	-0.0670273
-2.44	-0.069373
-2.43	-0.0716745
-2.42	-0.0739302
-2.41	-0.0761381
-2.4	-0.0782966
-2.39	-0.0804036
-2.38	-0.0824576
-2.37	-0.0844567
-2.36	-0.0863991
-2.35	-0.0882833
-2.34	-0.0901074
-2.33	-0.0918698
-2.32	-0.0935689
-2.31	-0.095203
-2.3	-0.0967705
-2.29	-0.0982699
-2.28	-0.0996996
-2.27	-0.101058
-2.26	-0.102344
-2.25	-0.103555
-2.24	-0.104691
-2.23	-0.10575
-2.22	-0.106731
-2.21	-0.107632
-2.2	-0.108451
-2.19	-0.109188
-2.18	-0.109842
-2.17	-0.110411
-2.16	-0.110893
-2.15	-0.111289
-2.14	-0.111595
-2.13	-0.111813
-2.12	-0.11194
-2.11	-0.111975
-2.1	-0.111918
-2.09	-0.111766
-2.08	-0.111521
-2.07	-0.11118
-2.06	-0.110743
-2.05	-0.110208
-2.04	-0.109576
-2.03	-0.108845
-2.02	-0.108015
-2.01	-0.107084
-2	-0.106053
-1.99	-0.10492
-1.98	-0.103685
-1.97	-0.102348
-1.96	-0.100908
-1.95	-0.0993645
-1.94	-0.097717
-1.93	-0.0959652
-1.92	-0.0941087
-1.91	-0.0921472
-1.9	-0.0900805
-1.89	-0.0879083
-1.88	-0.0856304
-1.87	-0.0832465
-1.86	-0.0807567
-1.85	-0.0781607
-1.84	-0.0754586
-1.83	-0.0726502
-1.82	-0.0697357
-1.81	-0.066715
-1.8	-0.0635884
-1.79	-0.0603558
-1.78	-0.0570174
-1.77	-0.0535736
-1.76	-0.0500244
-1.75	-0.0463702
-1.74	-0.0426113
-1.73	-0.0387481
-1.72	-0.0347808
-1.71	-0.0307101
-1.7	-0.0265362
-1.69	-0.0222597
-1.68	-0.0178812
-1.67	-0.0134011
-1.66	-0.00882018
-1.65	-0.00413896
-1.64	0.000641857
-1.63	0.00552157
-1.62	0.0104994
-1.61	0.0155747
-1.6	0.0207465
-1.59	0.0260141
-1.58	0.0313766
-1.57	0.036833
-1.56	0.0423824
-1.55	0.0480239
-1.54	0.0537564
-1.53	0.059579
-1.52	0.0654905
-1.51	0.0714899
-1.5	0.077576
-1.49	0.0837478
-1.48	0.0900039
-1.47	0.0963432
-1.46	0.102764
-1.45	0.109266
-1.44	0.115848
-1.43	0.122507
-1.42	0.129243
-1.41	0.136055
-1.4	0.14294
-1.39	0.149898
-1.38	0.156927
-1.37	0.164025
-1.36	0.171192
-1.35	0.178425
-1.34	0.185722
-1.33	0.193084
-1.32	0.200507
-1.31	0.20799
-1.3	0.215532
-1.29	0.223131
-1.28	0.230785
-1.27	0.238492
-1.26	0.246252
-1.25	0.254061
-1.24	0.261919
-1.23	0.269823
-1.22	0.277772
-1.21	0.285763
-1.2	0.293796
-1.19	0.301868
-1.18	0.309978
-1.17	0.318123
-1.16	0.326301
-1.15	0.334512
-1.14	0.342752
-1.13	0.35102
-1.12	0.359314
-1.11	0.367633
-1.1	0.375973
-1.09	0.384333
-1.08	0.392712
-1.07	0.401107
-1.06	0.409516
-1.05	0.417937
-1.04	0.426368
-1.03	0.434808
-1.02	0.443254
-1.01	0.451704
-1	0.460156
-0.99	0.468608
-0.98	0.477059
-0.97	0.485505
-0.96	0.493945
-0.95	0.502378
-0.94	0.5108
-0.93	0.51921
-0.92	0.527606
-0.91	0.535986
-0.9	0.544348
-0.89	0.552689
-0.88	0.561008
-0.87	0.569303
-0.86	0.577572
-0.85	0.585812
-0.84	0.594022
-0.83	0.602199
-0.82	0.610342
-0.81	0.618449
-0.8	0.626517
-0.79	0.634545
-0.78	0.642531
-0.77	0.650472
-0.76	0.658368
-0.75	0.666214
-0.74	0.674011
-0.73	0.681756
-0.72	0.689447
-0.71	0.697082
-0.7	0.704659
-0.69	0.712177
-0.68	0.719633
-0.67	0.727026
-0.66	0.734353
-0.65	0.741614
-0.64	0.748806
-0.63	0.755927
-0.62	0.762976
-0.61	0.769951
-0.6	0.77685
-0.59	0.783671
-0.58	0.790413
-0.57	0.797074
-0.56	0.803653
-0.55	0.810147
-0.54	0.816556
-0.53	0.822877
-0.52	0.829109
-0.51	0.83525
-0.5	0.8413
-0.49	0.847255
-0.48	0.853116
-0.47	0.85888
-0.46	0.864546
-0.45	0.870112
-0.44	0.875578
-0.43	0.880941
-0.42	0.886201
-0.41	0.891356
-0.4	0.896405
-0.39	0.901347
-0.38	0.906179
-0.37	0.910902
-0.36	0.915514
-0.35	0.920014
-0.34	0.9244
-0.33	0.928672
-0.32	0.932828
-0.31	0.936867
-0.3	0.94079
-0.29	0.944593
-0.28	0.948277
-0.27	0.951841
-0.26	0.955283
-0.25	0.958603
-0.24	0.9618
-0.23	0.964873
-0.22	0.967821
-0.21	0.970644
-0.2	0.973341
-0.19	0.975912
-0.18	0.978354
-0.17	0.980669
-0.16	0.982856
-0.15	0.984913
-0.14	0.98684
-0.13	0.988637
-0.12	0.990304
-0.11	0.99184
-0.1	0.993244
-0.09	0.994517
-0.08	0.995657
-0.07	0.996665
-0.06	0.99754
-0.05	0.998283
-0.04	0.998893
-0.03	0.999369
-0.02	0.999712
-0.01	0.999922
-6.23078e-14	0.999998
0.01	0.999941
0.02	0.99975
0.03	0.999426
0.04	0.998968
0.05	0.998378
0.06	0.997654
0.07	0.996798
0.08	0.995808
0.09	0.994687
0.1	0.993433
0.11	0.992047
0.12	0.99053
0.13	0.988882
0.14	0.987104
0.15	0.985195
0.16	0.983156
0.17	0.980988
0.18	0.978691
0.19	0.976266
0.2	0.973714
0.21	0.971035
0.22	0.96823
0.23	0.965299
0.24	0.962244
0.25	0.959064
0.26	0.955761
0.27	0.952336
0.28	0.94879
0.29	0.945123
0.3	0.941336
0.31	0.937431
0.32	0.933408
0.33	0.929268
0.34	0.925012
0.35	0.920642
0.36	0.916158
0.37	0.911562
0.38	0.906855
0.39	0.902037
0.4	0.897111
0.41	0.892077
0.42	0.886937
0.43	0.881691
0.44	0.876342
0.45	0.870891
0.46	0.865338
0.47	0.859686
0.48	0.853935
0.49	0.848088
0.5	0.842145
0.51	0.836109
0.52	0.82998
0.53	0.82376
0.54	0.817451
0.55	0.811055
0.56	0.804572
0.57	0.798005
0.58	0.791354
0.59	0.784623
0.6	0.777812
0.61	0.770924
0.62	0.763959
0.63	0.75692
0.64	0.749808
0.65	0.742626
0.66	0.735374
0.67	0.728055
0.68	0.720671
0.69	0.713223
0.7	0.705713
0.71	0.698143
0.72	0.690516
0.73	0.682832
0.74	0.675094
0.75	0.667303
0.76	0.659462
0.77	0.651573
0.78	0.643637
0.79	0.635657
0.8	0.627634
0.81	0.61957
0.82	0.611468
0.83	0.603328
0.84	0.595155
0.85	0.586948
0.86	0.578711
0.87	0.570445
0.88	0.562153
0.89	0.553836
0.9	0.545496
0.91	0.537136
0.92	0.528758
0.93	0.520363
0.94	0.511953
0.95	0.503531
0.96	0.495099
0.97	0.486658
0.98	0.478211
0.99	0.46976
1	0.461306
1.01	0.452853
1.02	0.444401
1.03	0.435953
1.04	0.427511
1.05	0.419076
1.06	0.410652
1.07	0.40224
1.08	0.393841
1.09	0.385458
1.1	0.377094
1.11	0.368749
1.12	0.360426
1.13	0.352126
1.14	0.343852
1.15	0.335606
1.16	0.32739
1.17	0.319205
1.18	0.311053
1.19	0.302937
1.2	0.294857
1.21	0.286817
1.22	0.278818
1.23	0.270861
1.24	0.262948
1.25	0.255082
1.26	0.247264
1.27	0.239495
1.28	0.231778
1.29	0.224115
1.3	0.216506
1.31	0.208954
1.32	0.20146
1.33	0.194026
1.34	0.186654
1.35	0.179345
1.36	0.172101
1.37	0.164922
1.38	0.157812
1.39	0.150771
1.4	0.143801
1.41	0.136903
1.42	0.130079
1.43	0.12333
1.44	0.116657
1.45	0.110063
1.46	0.103547
1.47	0.0971122
1.48	0.0907589
1.49	0.0844886
1.5	0.0783026
1.51	0.072202
1.52	0.0661879
1.53	0.0602616
1.54	0.054424
1.55	0.0486763
1.56	0.0430195
1.57	0.0374546
1.58	0.0319826
1.59	0.0266045
1.6	0.021321
1.61	0.0161332
1.62	0.0110419
1.63	0.00604778
1.64	0.00115174
1.65	-0.00364551
1.66	-0.00834326
1.67	-0.0129408
1.68	-0.0174376
1.69	-0.0218329
1.7	-0.0261263
1.71	-0.0303171
1.72	-0.0344049
1.73	-0.0383892
1.74	-0.0422696
1.75	-0.0460457
1.76	-0.0497171
1.77	-0.0532835
1.78	-0.0567447
1.79	-0.0601003
1.8	-0.0633502
1.81	-0.0664943
1.82	-0.0695323
1.83	-0.0724642
1.84	-0.0752899
1.85	-0.0780094
1.86	-0.0806227
1.87	-0.0831298
1.88	-0.085531
1.89	-0.0878262
1.9	-0.0900156
1.91	-0.0920995
1.92	-0.094078
1.93	-0.0959516
1.94	-0.0977204
1.95	-0.0993848
1.96	-0.100945
1.97	-0.102402
1.98	-0.103756
1.99	-0.105007
2	-0.106156
2.01	-0.107204
2.02	-0.108151
2.03	-0.108997
2.04	-0.109745
2.05	-0.110393
2.06	-0.110943
2.07	-0.111396
2.08	-0.111752
2.09	-0.112013
2.1	-0.112179
2.11	-0.112252
2.12	-0.112231
2.13	-0.112119
2.14	-0.111916
2.15	-0.111624
2.16	-0.111243
2.17	-0.110774
2.18	-0.110219
2.19	-0.109579
2.2	-0.108855
2.21	-0.108048
2.22	-0.107161
2.23	-0.106193
2.24	-0.105146
2.25	-0.104022
2.26	-0.102823
2.27	-0.101549
2.28	-0.100202
2.29	-0.0987831
2.3	-0.0972946
2.31	-0.0957378
2.32	-0.094114
2.33	-0.0924251
2.34	-0.0906725
2.35	-0.088858
2.36	-0.0869831
2.37	-0.0850497
2.38	-0.0830593
2.39	-0.0810137
2.4	-0.0789148
2.41	-0.0767642
2.42	-0.0745637
2.43	-0.0723152
2.44	-0.0700205
2.45	-0.0676815
2.46	-0.0653
2.47	-0.0628778
2.48	-0.060417
2.49	-0.0579193
2.5	-0.0553867
2.51	-0.0528212
2.52	-0.0502247
2.53	-0.0475992
2.54	-0.0449466
2.55	-0.0422689
2.56	-0.0395681
2.57	-0.0368461
2.58	-0.0341051
2.59	-0.0313469
2.6	-0.0285736
2.61	-0.0257873
2.62	-0.0229899
2.63	-0.0201835
2.64	-0.01737
2.65	-0.0145515
2.66	-0.0117301
2.67	-0.00890767
2.68	-0.00608633
2.69	-0.00326806
2.7	-0.000454875
2.71	0.00235122
2.72	0.00514824
2.73	0.00793417
2.74	0.0107071
2.75	0.0134649
2.76	0.0162058
2.77	0.0189277
2.78	0.0216287
2.79	0.024307
2.8	0.0269605
2.81	0.0295874
2.82	0.0321858
2.83	0.0347539
2.84	0.0372898
2.85	0.0397917
2.86	0.0422578
2.87	0.0446864
2.88	0.0470755
2.89	0.0494236
2.9	0.051729
2.91	0.0539898
2.92	0.0562046
2.93	0.0583716
2.94	0.0604893
2.95	0.0625561
2.96	0.0645705
2.97	0.0665309
2.98	0.068436
2.99	0.0702842
3	0.0720742
3.01	0.0738046
3.02	0.075474
3.03	0.0770813
3.04	0.0786251
3.05	0.0801043
3.06	0.0815177
3.07	0.0828641
3.08	0.0841425
3.09	0.0853518
3.1	0.0864911
3.11	0.0875594
3.12	0.0885559
3.13	0.0894796
3.14	0.0903298
3.15	0.0911058
3.16	0.0918067
3.17	0.0924321
3.18	0.0929812
3.19	0.0934537
3.2	0.0938488
3.21	0.0941664
3.22	0.0944058
3.23	0.094567
3.24	0.0946495
3.25	0.0946532
3.26	0.0945779
3.27	0.0944236
3.28	0.0941902
3.29	0.0938778
3.3	0.0934864
3.31	0.0930162
3.32	0.0924675
3.33	0.0918405
3.34	0.0911355
3.35	0.090353
3.36	0.0894934
3.37	0.0885573
3.38	0.0875453
3.39	0.0864581
3.4	0.0852963
3.41	0.0840607
3.42	0.0827523
3.43	0.081372
3.44	0.0799208
3.45	0.0783996
3.46	0.0768097
3.47	0.0751523
3.48	0.0734285
3.49	0.0716398
3.5	0.0697876
3.51	0.0678732
3.52	0.0658982
3.53	0.0638642
3.54	0.0617729
3.55	0.0596259
3.56	0.0574251
3.57	0.0551724
3.58	0.0528695
3.59	0.0505185
3.6	0.0481215
3.61	0.0456806
3.62	0.0431978
3.63	0.0406754
3.64	0.0381157
3.65	0.0355211
3.66	0.0328939
3.67	0.0302366
3.68	0.0275517
3.69	0.0248417
3.7	0.0221093
3.71	0.0193572
3.72	0.016588
3.73	0.0138045
3.74	0.0110095
3.75	0.00820589
3.76	0.00539658
3.77	0.0025845
3.78	-0.000227374
3.79	-0.00303601
3.8	-0.00583837
3.81	-0.00863134
3.82	-0.0114118
3.83	-0.0141766
3.84	-0.0169226
3.85	-0.0196465
3.86	-0.0223452
3.87	-0.0250153
3.88	-0.0276537
3.89	-0.030257
3.9	-0.0328219
3.91	-0.0353452
3.92	-0.0378236
3.93	-0.0402537
3.94	-0.0426323
3.95	-0.044956
3.96	-0.0472215
3.97	-0.0494257
3.98	-0.0515652
3.99	-0.0536367
4	-0.0556372
4.01	-0.0575633
4.02	-0.059412
4.03	-0.0611801
4.04	-0.0628645
4.05	-0.0644622
4.06	-0.0659703
4.07	-0.0673858
4.08	-0.0687059
4.09	-0.0699277
4.1	-0.0710486
4.11	-0.0720658
4.12	-0.0729769
4.13	-0.0737794
4.14	-0.0744708
4.15	-0.0750489
4.16	-0.0755116
4.17	-0.0758567
4.18	-0.0760823
4.19	-0.0761867
4.2	-0.076168
4.21	-0.0760249
4.22	-0.0757558
4.23	-0.0753596
4.24	-0.0748352
4.25	-0.0741816
4.26	-0.0733982
4.27	-0.0724843
4.28	-0.0714397
4.29	-0.0702641
4.3	-0.0689577
4.31	-0.0675207
4.32	-0.0659536
4.33	-0.0642571
4.34	-0.0624323
4.35	-0.0604804
4.36	-0.0584029
4.37	-0.0562016
4.38	-0.0538786
4.39	-0.0514361
4.4	-0.048877
4.41	-0.0462042
4.42	-0.0434209
4.43	-0.040531
4.44	-0.0375383
4.45	-0.0344472
4.46	-0.0312626
4.47	-0.0279894
4.48	-0.0246333
4.49	-0.0212002
4.5	-0.0176964
4.51	-0.0141288
4.52	-0.0105046
4.53	-0.00683146
4.54	-0.00311763
4.55	0.00062822
4.56	0.00439692
4.57	0.00817875
4.58	0.0119635
4.59	0.0157403
4.6	0.0194979
4.61	0.0232244
4.62	0.0269071
4.63	0.030533
4.64	0.0340882
4.65	0.0375585
4.66	0.0409286
4.67	0.0441829
4.68	0.0473049
4.69	0.0502774
4.7	0.0530825
4.71	0.0557016
4.72	0.0581152
4.73	0.0603032
4.74	0.0622444
4.75	0.0639172
4.76	0.0652988
4.77	0.0663655
4.78	0.067093
4.79	0.067456
4.8	0.067428
4.81	0.0669819
4.82	0.0660894
4.83	0.0647214
4.84	0.0628475
4.85	0.0604366
4.86	0.0574562
4.87	0.0538729
4.88	0.0496521
4.89	0.0447583
4.9	0.0391544
4.91	0.0328026
4.92	0.0256634
4.93	0.0176964
4.94	0.00885993
4.95	-0.000889208
4.96	-0.0115953
4.97	-0.0233042
4.98	-0.0360629
4.99	-0.04992
5	-0.0649253


-5	-0.00551288
-4.99	-0.00295819
-4.98	-0.000815139
-4.97	0.000954828
-4.96	0.00238782
-4.95	0.00351759
-4.94	0.00437567
-4.93	0.00499148
-4.92	0.00539239
-4.91	0.00560387
-4.9	0.00564955
-4.89	0.00555132
-4.88	0.00532943
-4.87	0.00500257
-4.86	0.00458794
-4.85	0.00410134
-4.84	0.00355723
-4.83	0.00296885
-4.82	0.0023482
-4.81	0.00170622
-4.8	0.00105275
-4.79	0.000396674
-4.78	-0.00025409
-4.77	-0.000892479
-4.76	-0.00151226
-4.75	-0.00210797
-4.74	-0.00267485
-4.73	-0.00320885
-4.72	-0.00370652
-4.71	-0.00416499
-4.7	-0.00458195
-4.69	-0.00495558
-4.68	-0.00528453
-4.67	-0.00556787
-4.66	-0.00580509
-4.65	-0.005996
-4.64	-0.00614078
-4.63	-0.00623988
-4.62	-0.00629405
-4.61	-0.00630428
-4.6	-0.00627176
-4.59	-0.00619789
-4.58	-0.00608427
-4.57	-0.00593261
-4.56	-0.00574479
-4.55	-0.00552279
-4.54	-0.00526867
-4.53	-0.00498461
-4.52	-0.00467281
-4.51	-0.00433556
-4.5	-0.00397516
-4.49	-0.00359393
-4.48	-0.00319423
-4.47	-0.00277839
-4.46	-0.00234874
-4.45	-0.0019076
-4.44	-0.00145726
-4.43	-0.000999943
-4.42	-0.000537868
-4.41	-7.31836e-05
-4.4	0.000392016
-4.39	0.000855699
-4.38	0.0013159
-4.37	0.00177073
-4.36	0.00221836
-4.35	0.00265707
-4.34	0.00308519
-4.33	0.00350116
-4.32	0.00390349
-4.31	0.00429078
-4.3	0.00466174
-4.29	0.00501514
-4.28	0.00534987
-4.27	0.00566489
-4.26	0.00595926
-4.25	0.00623214
-4.24	0.00648278
-4.23	0.0067105
-4.22	0.00691474
-4.21	0.00709501
-4.2	0.0072509
-4.19	0.0073821
-4.18	0.00748838
-4.17	0.0075696
-4.16	0.00762568
-4.15	0.00765663
-4.14	0.00766255
-4.13	0.00764357
-4.12	0.00759995
-4.11	0.00753196
-4.1	0.00743997
-4.09	0.00732441
-4.08	0.00718576
-4.07	0.00702456
-4.06	0.00684141
-4.05	0.00663695
-4.04	0.00641189
-4.03	0.00616695
-4.02	0.00590293
-4.01	0.00562064
-4	0.00532096
-3.99	0.00500476
-3.98	0.00467298
-3.97	0.00432658
-3.96	0.00396652
-3.95	0.0035938
-3.94	0.00320946
-3.93	0.00281452
-3.92	0.00241004
-3.91	0.00199707
-3.9	0.0015767
-3.89	0.00114998
-3.88	0.00071802
-3.87	0.000281884
-3.86	-0.000157342
-3.85	-0.000598582
-3.84	-0.00104076
-3.83	-0.00148282
-3.82	-0.00192371
-3.81	-0.00236237
-3.8	-0.00279779
-3.79	-0.00322896
-3.78	-0.00365488
-3.77	-0.00407457
-3.76	-0.00448709
-3.75	-0.00489151
-3.74	-0.00528691
-3.73	-0.00567243
-3.72	-0.0060472
-3.71	-0.00641042
-3.7	-0.00676127
-3.69	-0.007099
-3.68	-0.00742288
-3.67	-0.00773222
-3.66	-0.00802634
-3.65	-0.00830461
-3.64	-0.00856645
-3.63	-0.0088113
-3.62	-0.00903863
-3.61	-0.00924797
-3.6	-0.00943886
-3.59	-0.0096109
-3.58	-0.00976371
-3.57	-0.00989698
-3.56	-0.0100104
-3.55	-0.0101037
-3.54	-0.0101767
-3.53	-0.0102292
-3.52	-0.0102611
-3.51	-0.0102723
-3.5	-0.0102627
-3.49	-0.0102323
-3.48	-0.0101811
-3.47	-0.0101092
-3.46	-0.0100166
-3.45	-0.00990356
-3.44	-0.00977015
-3.43	-0.00961659
-3.42	-0.00944312
-3.41	-0.00925001
-3.4	-0.00903757
-3.39	-0.00880612
-3.38	-0.00855604
-3.37	-0.00828772
-3.36	-0.0080016
-3.35	-0.00769812
-3.34	-0.00737779
-3.33	-0.00704111
-3.32	-0.00668862
-3.31	-0.00632089
-3.3	-0.00593852
-3.29	-0.0055421
-3.28	-0.00513229
-3.27	-0.00470973
-3.26	-0.0042751
-3.25	-0.0038291
-3.24	-0.00337245
-3.23	-0.00290587
-3.22	-0.0024301
-3.21	-0.00194591
-3.2	-0.00145406
-3.19	-0.000955341
-3.18	-0.000450545
-3.17	5.95281e-05
-3.16	0.000574068
-3.15	0.00109226
-3.14	0.00161328
-3.13	0.0021363
-3.12	0.0026605
-3.11	0.00318504
-3.1	0.0037091
-3.09	0.00423185
-3.08	0.00475245
-3.07	0.0052701
-3.06	0.00578396
-3.05	0.00629323
-3.04	0.00679711
-3.03	0.00729478
-3.02	0.00778547
-3.01	0.0082684
-3	0.0087428
-2.99	0.00920792
-2.98	0.00966302
-2.97	0.0101074
-2.96	0.0105403
-2.95	0.010961
-2.94	0.011369
-2.93	0.0117635
-2.92	0.0121438
-2.91	0.0125095
-2.9	0.0128598
-2.89	0.0131943
-2.88	0.0135124
-2.87	0.0138135
-2.86	0.0140971
-2.85	0.0143629
-2.84	0.0146103
-2.83	0.0148389
-2.82	0.0150484
-2.81	0.0152384
-2.8	0.0154085
-2.79	0.0155585
-2.78	0.0156881
-2.77	0.0157971
-2.76	0.0158852
-2.75	0.0159522
-2.74	0.0159981
-2.73	0.0160228
-2.72	0.0160261
-2.71	0.016008
-2.7	0.0159685
-2.69	0.0159077
-2.68	0.0158255
-2.67	0.0157222
-2.66	0.0155977
-2.65	0.0154524
-2.64	0.0152864
-2.63	0.0150999
-2.62	0.0148932
-2.61	0.0146666
-2.6	0.0144205
-2.59	0.0141552
-2.58	0.0138711
-2.57	0.0135688
-2.56	0.0132486
-2.55	0.0129111
-2.54	0.0125569
-2.53	0.0121865
-2.52	0.0118006
-2.51	0.0113998
-2.5	0.0109848
-2.49	0.0105564
-2.48	0.0101152
-2.47	0.00966205
-2.46	0.00919782
-2.45	0.00872332
-2.44	0.00823943
-2.43	0.00774707
-2.42	0.00724718
-2.41	0.00674073
-2.4	0.00622871
-2.39	0.00571216
-2.38	0.00519212
-2.37	0.00466968
-2.36	0.00414594
-2.35	0.00362204
-2.34	0.00309914
-2.33	0.00257841
-2.32	0.00206106
-2.31	0.00154831
-2.3	0.00104141
-2.29	0.000541636
-2.28	5.02689e-05
-2.27	-0.000431383
-2.26	-0.000901994
-2.25	-0.00136022
-2.24	-0.00180471
-2.23	-0.00223408
-2.22	-0.00264695
-2.21	-0.00304191
-2.2	-0.00341755
-2.19	-0.00377244
-2.18	-0.00410515
-2.17	-0.00441423
-2.16	-0.00469823
-2.15	-0.00495568
-2.14	-0.00518512
-2.13	-0.00538506
-2.12	-0.00555404
-2.11	-0.00569056
-2.1	-0.00579315
-2.09	-0.00586031
-2.08	-0.00589057
-2.07	-0.00588242
-2.06	-0.0058344
-2.05	-0.00574501
-2.04	-0.00561278
-2.03	-0.00543624
-2.02	-0.00521392
-2.01	-0.00494435
-2	-0.0046261
-1.99	-0.0042577
-1.98	-0.00383774
-1.97	-0.00336478
-1.96	-0.00283742
-1.95	-0.00225427
-1.94	-0.00161393
-1.93	-0.000915045
-1.92	-0.000156261
-1.91	0.000663757
-1.9	0.00154632
-1.89	0.00249274
-1.88	0.00350427
-1.87	0.00458218
-1.86	0.0057277
-1.85	0.00694205
-1.84	0.0082264
-1.83	0.00958192
-1.82	0.0110097
-1.81	0.012511
-1.8	0.0140867
-1.79	0.015738
-1.78	0.0174659
-1.77	0.0192713
-1.76	0.0211553
-1.75	0.0231187
-1.74	0.0251625
-1.73	0.0272876
-1.72	0.0294947
-1.71	0.0317847
-1.7	0.0341583
-1.69	0.0366163
-1.68	0.0391593
-1.67	0.041788
-1.66	0.0445031
-1.65	0.047305
-1.64	0.0501944
-1.63	0.0531717
-1.62	0.0562374
-1.61	0.059392
-1.6	0.0626357
-1.59	0.065969
-1.58	0.0693921
-1.57	0.0729053
-1.56	0.0765087
-1.55	0.0802026
-1.54	0.0839871
-1.53	0.0878623
-1.52	0.0918281
-1.51	0.0958847
-1.5	0.100032
-1.49	0.10427
-1.48	0.108598
-1.47	0.113016
-1.46	0.117524
-1.45	0.122122
-1.44	0.126809
-1.43	0.131586
-1.42	0.13645
-1.41	0.141403
-1.4	0.146444
-1.39	0.151571
-1.38	0.156785
-1.37	0.162085
-1.36	0.16747
-1.35	0.172939
-1.34	0.178492
-1.33	0.184128
-1.32	0.189846
-1.31	0.195644
-1.3	0.201522
-1.29	0.20748
-1.28	0.213515
-1.27	0.219628
-1.26	0.225816
-1.25	0.232078
-1.24	0.238414
-1.23	0.244822
-1.22	0.251301
-1.21	0.257849
-1.2	0.264465
-1.19	0.271148
-1.18	0.277895
-1.17	0.284707
-1.16	0.29158
-1.15	0.298514
-1.14	0.305507
-1.13	0.312557
-1.12	0.319662
-1.11	0.326821
-1.1	0.334033
-1.09	0.341294
-1.08	0.348604
-1.07	0.35596
-1.06	0.363361
-1.05	0.370804
-1.04	0.378288
-1.03	0.385811
-1.02	0.393371
-1.01	0.400965
-1	0.408592
-0.99	0.416249
-0.98	0.423935
-0.97	0.431646
-0.96	0.439382
-0.95	0.44714
-0.94	0.454917
-0.93	0.462711
-0.92	0.470521
-0.91	0.478343
-0.9	0.486176
-0.89	0.494017
-0.88	0.501864
-0.87	0.509714
-0.86	0.517566
-0.85	0.525416
-0.84	0.533263
-0.83	0.541103
-0.82	0.548935
-0.81	0.556757
-0.8	0.564565
-0.79	0.572357
-0.78	0.580131
-0.77	0.587885
-0.76	0.595616
-0.75	0.603321
-0.74	0.610998
-0.73	0.618645
-0.72	0.626259
-0.71	0.633837
-0.7	0.641378
-0.69	0.648879
-0.68	0.656337
-0.67	0.663751
-0.66	0.671116
-0.65	0.678432
-0.64	0.685696
-0.63	0.692905
-0.62	0.700056
-0.61	0.707149
-0.6	0.714179
-0.59	0.721146
-0.58	0.728046
-0.57	0.734877
-0.56	0.741637
-0.55	0.748324
-0.54	0.754935
-0.53	0.761468
-0.52	0.767922
-0.51	0.774293
-0.5	0.780579
-0.49	0.786779
-0.48	0.79289
-0.47	0.798911
-0.46	0.804839
-0.45	0.810672
-0.44	0.816408
-0.43	0.822045
-0.42	0.827581
-0.41	0.833015
-0.4	0.838344
-0.39	0.843566
-0.38	0.848681
-0.37	0.853685
-0.36	0.858577
-0.35	0.863356
-0.34	0.86802
-0.33	0.872567
-0.32	0.876996
-0.31	0.881305
-0.3	0.885492
-0.29	0.889557
-0.28	0.893497
-0.27	0.897312
-0.26	0.900999
-0.25	0.904558
-0.24	0.907988
-0.23	0.911286
-0.22	0.914453
-0.21	0.917487
-0.2	0.920386
-0.19	0.92315
-0.18	0.925778
-0.17	0.928269
-0.16	0.930623
-0.15	0.932837
-0.14	0.934911
-0.13	0.936846
-0.12	0.938639
-0.11	0.940291
-0.1	0.9418
-0.09	0.943167
-0.08	0.94439
-0.07	0.94547
-0.06	0.946406
-0.05	0.947197
-0.04	0.947843
-0.03	0.948345
-0.02	0.948702
-0.01	0.948913
-6.23078e-14	0.948979
0.01	0.9489
0.02	0.948676
0.03	0.948306
0.04	0.947792
0.05	0.947132
0.06	0.946328
0.07	0.945379
0.08	0.944287
0.09	0.943051
0.1	0.941672
0.11	0.94015
0.12	0.938486
0.13	0.93668
0.14	0.934734
0.15	0.932647
0.16	0.930421
0.17	0.928057
0.18	0.925554
0.19	0.922915
0.2	0.920139
0.21	0.917229
0.22	0.914185
0.23	0.911007
0.24	0.907698
0.25	0.904259
0.26	0.90069
0.27	0.896993
0.28	0.893169
0.29	0.88922
0.3	0.885146
0.31	0.88095
0.32	0.876633
0.33	0.872196
0.34	0.867641
0.35	0.86297
0.36	0.858184
0.37	0.853284
0.38	0.848274
0.39	0.843153
0.4	0.837925
0.41	0.83259
0.42	0.827151
0.43	0.82161
0.44	0.815968
0.45	0.810228
0.46	0.804391
0.47	0.79846
0.48	0.792436
0.49	0.786322
0.5	0.780119
0.51	0.773831
0.52	0.767458
0.53	0.761003
0.54	0.754469
0.55	0.747857
0.56	0.74117
0.57	0.734409
0.58	0.727579
0.59	0.720679
0.6	0.713714
0.61	0.706685
0.62	0.699594
0.63	0.692444
0.64	0.685238
0.65	0.677977
0.66	0.670665
0.67	0.663302
0.68	0.655893
0.69	0.648439
0.7	0.640943
0.71	0.633407
0.72	0.625833
0.73	0.618225
0.74	0.610584
0.75	0.602912
0.76	0.595214
0.77	0.58749
0.78	0.579743
0.79	0.571976
0.8	0.564192
0.81	0.556391
0.82	0.548578
0.83	0.540754
0.84	0.532922
0.85	0.525085
0.86	0.517244
0.87	0.509401
0.88	0.501561
0.89	0.493724
0.9	0.485893
0.91	0.47807
0.92	0.470258
0.93	0.462459
0.94	0.454676
0.95	0.446909
0.96	0.439163
0.97	0.431438
0.98	0.423738
0.99	0.416064
1	0.408418
1.01	0.400803
1.02	0.393221
1.03	0.385673
1.04	0.378163
1.05	0.37069
1.06	0.363259
1.07	0.35587
1.08	0.348526
1.09	0.341229
1.1	0.33398
1.11	0.326781
1.12	0.319634
1.13	0.312541
1.14	0.305503
1.15	0.298523
1.16	0.291601
1.17	0.284739
1.18	0.27794
1.19	0.271204
1.2	0.264533
1.21	0.257929
1.22	0.251393
1.23	0.244926
1.24	0.238529
1.25	0.232205
1.26	0.225953
1.27	0.219776
1.28	0.213675
1.29	0.20765
1.3	0.201703
1.31	0.195835
1.32	0.190046
1.33	0.184339
1.34	0.178713
1.35	0.173169
1.36	0.167709
1.37	0.162333
1.38	0.157042
1.39	0.151836
1.4	0.146717
1.41	0.141684
1.42	0.136739
1.43	0.131882
1.44	0.127112
1.45	0.122432
1.46	0.117841
1.47	0.113338
1.48	0.108926
1.49	0.104604
1.5	0.100371
1.51	0.0962288
1.52	0.0921769
1.53	0.0882153
1.54	0.084344
1.55	0.0805631
1.56	0.0768724
1.57	0.0732718
1.58	0.0697612
1.59	0.0663402
1.6	0.0630088
1.61	0.0597666
1.62	0.0566131
1.63	0.0535482
1.64	0.0505713
1.65	0.047682
1.66	0.0448797
1.67	0.0421641
1.68	0.0395343
1.69	0.03699
1.7	0.0345303
1.71	0.0321547
1.72	0.0298623
1.73	0.0276525
1.74	0.0255244
1.75	0.0234772
1.76	0.02151
1.77	0.019622
1.78	0.0178122
1.79	0.0160796
1.8	0.0144233
1.81	0.0128423
1.82	0.0113354
1.83	0.00990165
1.84	0.00853992
1.85	0.00724908
1.86	0.00602796
1.87	0.00487539
1.88	0.00379017
1.89	0.00277107
1.9	0.00181684
1.91	0.000926222
1.92	9.7915e-05
1.93	-0.000669383
1.94	-0.001377
1.95	-0.00202627
1.96	-0.00261856
1.97	-0.00315524
1.98	-0.00363769
1.99	-0.00406733
2	-0.00444555
2.01	-0.00477378
2.02	-0.00505346
2.03	-0.00528602
2.04	-0.00547293
2.05	-0.00561562
2.06	-0.00571557
2.07	-0.00577424
2.08	-0.0057931
2.09	-0.00577363
2.1	-0.0057173
2.11	-0.00562559
2.12	-0.00549996
2.13	-0.00534191
2.14	-0.00515288
2.15	-0.00493437
2.16	-0.00468781
2.17	-0.00441469
2.18	-0.00411644
2.19	-0.0037945
2.2	-0.00345032
2.21	-0.00308532
2.22	-0.00270091
2.23	-0.00229849
2.24	-0.00187946
2.25	-0.0014452
2.26	-0.000997061
2.27	-0.000536397
2.28	-6.45397e-05
2.29	0.000417198
2.3	0.000907518
2.31	0.00140514
2.32	0.00190882
2.33	0.0024173
2.34	0.00292938
2.35	0.00344386
2.36	0.00395956
2.37	0.00447534
2.38	0.00499009
2.39	0.00550269
2.4	0.00601208
2.41	0.0065172
2.42	0.00701705
2.43	0.00751063
2.44	0.00799698
2.45	0.00847516
2.46	0.00894427
2.47	0.00940344
2.48	0.00985181
2.49	0.0102886
2.5	0.010713
2.51	0.0111242
2.52	0.0115217
2.53	0.0119045
2.54	0.0122722
2.55	0.0126241
2.56	0.0129596
2.57	0.0132782
2.58	0.0135793
2.59	0.0138624
2.6	0.0141272
2.61	0.0143732
2.62	0.0146
2.63	0.0148073
2.64	0.0149948
2.65	0.0151622
2.66	0.0153092
2.67	0.0154357
2.68	0.0155414
2.69	0.0156264
2.7	0.0156903
2.71	0.0157333
2.72	0.0157552
2.73	0.0157561
2.74	0.0157359
2.75	0.0156948
2.76	0.0156329
2.77	0.0155503
2.78	0.0154471
2.79	0.0153236
2.8	0.01518
2.81	0.0150166
2.82	0.0148336
2.83	0.0146313
2.84	0.0144101
2.85	0.0141705
2.86	0.0139127
2.87	0.0136373
2.88	0.0133446
2.89	0.0130352
2.9	0.0127096
2.91	0.0123683
2.92	0.0120118
2.93	0.0116408
2.94	0.0112558
2.95	0.0108575
2.96	0.0104465
2.97	0.0100235
2.98	0.00958913
2.99	0.00914408
3	0.00868908
3.01	0.00822486
3.02	0.00775214
3.03	0.00727169
3.04	0.00678426
3.05	0.00629063
3.06	0.00579157
3.07	0.00528789
3.08	0.00478038
3.09	0.00426983
3.1	0.00375707
3.11	0.00324289
3.12	0.00272812
3.13	0.00221357
3.14	0.00170006
3.15	0.00118839
3.16	0.000679378
3.17	0.000173832
3.18	-0.000327447
3.19	-0.000823664
3.2	-0.00131403
3.21	-0.00179777
3.22	-0.0022741
3.23	-0.00274228
3.24	-0.00320156
3.25	-0.0036512
3.26	-0.00409049
3.27	-0.00451873
3.28	-0.00493523
3.29	-0.00533932
3.3	-0.00573036
3.31	-0.00610773
3.32	-0.00647082
3.33	-0.00681904
3.34	-0.00715185
3.35	-0.0074687
3.36	-0.00776909
3.37	-0.00805255
3.38	-0.00831861
3.39	-0.00856686
3.4	-0.0087969
3.41	-0.00900836
3.42	-0.00920092
3.43	-0.00937428
3.44	-0.00952817
3.45	-0.00966235
3.46	-0.00977662
3.47	-0.00987083
3.48	-0.00994483
3.49	-0.00999854
3.5	-0.0100319
3.51	-0.0100449
3.52	-0.0100375
3.53	-0.0100099
3.54	-0.00996199
3.55	-0.00989404
3.56	-0.00980618
3.57	-0.00969862
3.58	-0.00957159
3.59	-0.00942538
3.6	-0.00926032
3.61	-0.00907675
3.62	-0.00887508
3.63	-0.00865574
3.64	-0.0084192
3.65	-0.00816595
3.66	-0.00789656
3.67	-0.00761159
3.68	-0.00731165
3.69	-0.00699739
3.7	-0.0066695
3.71	-0.00632868
3.72	-0.00597567
3.73	-0.00561125
3.74	-0.00523622
3.75	-0.00485141
3.76	-0.00445768
3.77	-0.00405591
3.78	-0.00364701
3.79	-0.00323191
3.8	-0.00281155
3.81	-0.0023869
3.82	-0.00195896
3.83	-0.00152872
3.84	-0.00109719
3.85	-0.000665422
3.86	-0.000234436
3.87	0.000194717
3.88	0.000620986
3.89	0.00104331
3.9	0.00146065
3.91	0.00187192
3.92	0.0022761
3.93	0.00267212
3.94	0.00305896
3.95	0.00343557
3.96	0.00380096
3.97	0.00415412
3.98	0.00449408
3.99	0.00481987
4	0.00513057
4.01	0.00542528
4.02	0.0057031
4.03	0.00596321
4.04	0.0062048
4.05	0.00642709
4.06	0.00662937
4.07	0.00681095
4.08	0.00697119
4.09	0.0071095
4.1	0.00722537
4.11	0.0073183
4.12	0.00738788
4.13	0.00743375
4.14	0.00745562
4.15	0.00745326
4.16	0.00742651
4.17	0.00737528
4.18	0.00729955
4.19	0.00719939
4.2	0.00707492
4.21	0.00692639
4.22	0.00675407
4.23	0.00655835
4.24	0.0063397
4.25	0.00609867
4.26	0.00583591
4.27	0.00555214
4.28	0.00524817
4.29	0.00492492
4.3	0.00458337
4.31	0.00422463
4.32	0.00384985
4.33	0.00346031
4.34	0.00305735
4.35	0.00264241
4.36	0.00221701
4.37	0.00178276
4.38	0.00134135
4.39	0.000894524
4.4	0.000444129
4.41	-7.93036e-06
4.42	-0.000459683
4.43	-0.000909098
4.44	-0.00135408
4.45	-0.00179251
4.46	-0.00222218
4.47	-0.00264089
4.48	-0.00304639
4.49	-0.00343642
4.5	-0.00380869
4.51	-0.00416094
4.52	-0.0044909
4.53	-0.00479633
4.54	-0.005075
4.55	-0.00532477
4.56	-0.00554353
4.57	-0.00572926
4.58	-0.00588003
4.59	-0.00599402
4.6	-0.00606953
4.61	-0.00610503
4.62	-0.00609915
4.63	-0.00605069
4.64	-0.0059587
4.65	-0.00582243
4.66	-0.00564142
4.67	-0.00541549
4.68	-0.00514479
4.69	-0.00482981
4.7	-0.00447142
4.71	-0.0040709
4.72	-0.00362999
4.73	-0.00315092
4.74	-0.00263642
4.75	-0.00208981
4.76	-0.00151501
4.77	-0.000916564
4.78	-0.00029975
4.79	0.000329431
4.8	0.000964179
4.81	0.00159685
4.82	0.00221889
4.83	0.00282079
4.84	0.00339203
4.85	0.003921
4.86	0.00439495
4.87	0.00479991
4.88	0.00512063
4.89	0.00534051
4.9	0.00544152
4.91	0.0054041
4.92	0.00520712
4.93	0.00482776
4.94	0.00424143
4.95	0.0034217
4.96	0.00234017
4.97	0.000966379
4.98	-0.000732262
4.99	-0.00279062
5	-0.00524594


-5	0.00287325
-4.99	0.00071765
-4.98	-0.000830538
-4.97	-0.0018747
-4.96	-0.00250579
-4.95	-0.00280348
-4.94	-0.00283719
-4.93	-0.00266709
-4.92	-0.00234502
-4.91	-0.00191527
-4.9	-0.0014154
-4.89	-0.000876935
-4.88	-0.000326022
-4.87	0.000215983
-4.86	0.000731954
-4.85	0.00120849
-4.84	0.00163547
-4.83	0.0020056
-4.82	0.00231407
-4.81	0.00255819
-4.8	0.00273707
-4.79	0.00285135
-4.78	0.00290292
-4.77	0.00289473
-4.76	0.00283054
-4.75	0.00271478
-4.74	0.00255236
-4.73	0.00234852
-4.72	0.00210874
-4.71	0.00183859
-4.7	0.00154366
-4.69	0.00122947
-4.68	0.000901395
-4.67	0.000564616
-4.66	0.000224068
-4.65	-0.000115601
-4.64	-0.000450061
-4.63	-0.000775323
-4.62	-0.00108775
-4.61	-0.00138409
-4.6	-0.00166145
-4.59	-0.00191732
-4.58	-0.00214956
-4.57	-0.0023564
-4.56	-0.00253643
-4.55	-0.00268859
-4.54	-0.00281214
-4.53	-0.00290665
-4.52	-0.00297202
-4.51	-0.00300839
-4.5	-0.00301619
-4.49	-0.00299608
-4.48	-0.00294893
-4.47	-0.00287582
-4.46	-0.002778
-4.45	-0.00265689
-4.44	-0.00251402
-4.43	-0.00235106
-4.42	-0.00216978
-4.41	-0.001972
-4.4	-0.00175962
-4.39	-0.0015346
-4.38	-0.00129888
-4.37	-0.00105446
-4.36	-0.000803293
-4.35	-0.000547346
-4.34	-0.000288542
-4.33	-2.87619e-05
-4.32	0.000230164
-4.31	0.000486471
-4.3	0.000738462
-4.29	0.000984524
-4.28	0.00122313
-4.27	0.00145284
-4.26	0.00167232
-4.25	0.00188033
-4.24	0.00207574
-4.23	0.00225754
-4.22	0.0024248
-4.21	0.00257674
-4.2	0.00271265
-4.19	0.00283196
-4.18	0.0029342
-4.17	0.00301903
-4.16	0.00308618
-4.15	0.00313551
-4.14	0.00316698
-4.13	0.00318065
-4.12	0.00317666
-4.11	0.00315527
-4.1	0.00311679
-4.09	0.00306166
-4.08	0.00299034
-4.07	0.00290342
-4.06	0.00280151
-4.05	0.00268532
-4.04	0.0025556
-4.03	0.00241315
-4.02	0.00225882
-4.01	0.00209351
-4	0.00191813
-3.99	0.00173366
-3.98	0.00154106
-3.97	0.00134135
-3.96	0.00113553
-3.95	0.000924643
-3.94	0.000709713
-3.93	0.000491771
-3.92	0.000271845
-3.91	5.0952e-05
-3.9	-0.000169904
-3.89	-0.000389736
-3.88	-0.000607578
-3.87	-0.000822488
-3.86	-0.00103356
-3.85	-0.0012399
-3.84	-0.00144066
-3.83	-0.00163505
-3.82	-0.00182228
-3.81	-0.00200162
-3.8	-0.0021724
-3.79	-0.00233397
-3.78	-0.00248573
-3.77	-0.00262715
-3.76	-0.00275772
-3.75	-0.00287701
-3.74	-0.00298462
-3.73	-0.00308021
-3.72	-0.00316348
-3.71	-0.0032342
-3.7	-0.00329218
-3.69	-0.00333729
-3.68	-0.00336944
-3.67	-0.0033886
-3.66	-0.00339478
-3.65	-0.00338804
-3.64	-0.0033685
-3.63	-0.00333631
-3.62	-0.00329166
-3.61	-0.00323482
-3.6	-0.00316605
-3.59	-0.00308568
-3.58	-0.00299407
-3.57	-0.00289163
-3.56	-0.00277877
-3.55	-0.00265597
-3.54	-0.00252372
-3.53	-0.00238253
-3.52	-0.00223294
-3.51	-0.00207554
-3.5	-0.00191089
-3.49	-0.00173961
-3.48	-0.00156231
-3.47	-0.00137964
-3.46	-0.00119224
-3.45	-0.00100075
-3.44	-0.000805849
-3.43	-0.000608193
-3.42	-0.000408449
-3.41	-0.000207285
-3.4	-5.36466e-06
-3.39	0.000196652
-3.38	0.000398112
-3.37	0.00059837
-3.36	0.000796792
-3.35	0.000992757
-3.34	0.00118566
-3.33	0.0013749
-3.32	0.00155991
-3.31	0.00174013
-3.3	0.00191503
-3.29	0.00208409
-3.28	0.00224682
-3.27	0.00240277
-3.26	0.00255148
-3.25	0.00269254
-3.24	0.00282557
-3.23	0.00295021
-3.22	0.00306614
-3.21	0.00317304
-3.2	0.00327065
-3.19	0.00335874
-3.18	0.0034371
-3.17	0.00350554
-3.16	0.00356393
-3.15	0.00361215
-3.14	0.00365012
-3.13	0.00367779
-3.12	0.00369514
-3.11	0.00370219
-3.1	0.00369897
-3.09	0.00368557
-3.08	0.00366208
-3.07	0.00362863
-3.06	0.0035854
-3.05	0.00353256
-3.04	0.00347034
-3.03	0.00339898
-3.02	0.00331875
-3.01	0.00322994
-3	0.00313287
-2.99	0.00302788
-2.98	0.00291533
-2.97	0.00279561
-2.96	0.00266912
-2.95	0.00253628
-2.94	0.00239752
-2.93	0.00225331
-2.92	0.0021041
-2.91	0.00195039
-2.9	0.00179267
-2.89	0.00163143
-2.88	0.00146721
-2.87	0.00130052
-2.86	0.00113189
-2.85	0.000961861
-2.84	0.000790976
-2.83	0.000619778
-2.82	0.000448816
-2.81	0.000278638
-2.8	0.000109793
-2.79	-5.71727e-05
-2.78	-0.000221713
-2.77	-0.000383288
-2.76	-0.00054136
-2.75	-0.000695398
-2.74	-0.000844878
-2.73	-0.000989284
-2.72	-0.00112811
-2.71	-0.00126085
-2.7	-0.00138702
-2.69	-0.00150615
-2.68	-0.00161776
-2.67	-0.00172141
-2.66	-0.00181666
-2.65	-0.00190307
-2.64	-0.00198025
-2.63	-0.00204778
-2.62	-0.00210529
-2.61	-0.00215242
-2.6	-0.00218881
-2.59	-0.00221413
-2.58	-0.00222806
-2.57	-0.00223029
-2.56	-0.00222056
-2.55	-0.00219858
-2.54	-0.00216411
-2.53	-0.00211691
-2.52	-0.00205676
-2.51	-0.00198345
-2.5	-0.00189682
-2.49	-0.00179667
-2.48	-0.00168286
-2.47	-0.00155524
-2.46	-0.00141369
-2.45	-0.0012581
-2.44	-0.00108836
-2.43	-0.000904386
-2.42	-0.000706107
-2.41	-0.000493459
-2.4	-0.000266386
-2.39	-2.48471e-05
-2.38	0.000231193
-2.37	0.000501761
-2.36	0.000786876
-2.35	0.00108655
-2.34	0.00140079
-2.33	0.0017296
-2.32	0.00207298
-2.31	0.00243092
-2.3	0.00280343
-2.29	0.00319049
-2.28	0.00359211
-2.27	0.00400827
-2.26	0.004439
-2.25	0.00488428
-2.24	0.00534413
-2.23	0.00581856
-2.22	0.00630761
-2.21	0.00681131
-2.2	0.00732969
-2.19	0.00786281
-2.18	0.00841074
-2.17	0.00897355
-2.16	0.00955135
-2.15	0.0101442
-2.14	0.0107523
-2.13	0.0113758
-2.12	0.0120147
-2.11	0.0126694
-2.1	0.0133399
-2.09	0.0140266
-2.08	0.0147296
-2.07	0.0154493
-2.06	0.0161858
-2.05	0.0169396
-2.04	0.0177109
-2.03	0.0185002
-2.02	0.0193077
-2.01	0.0201341
-2	0.0209796
-1.99	0.0218447
-1.98	0.02273
-1.97	0.023636
-1.96	0.0245633
-1.95	0.0255124
-1.94	0.0264839
-1.93	0.0274786
-1.92	0.0284971
-1.91	0.02954
-1.9	0.0306082
-1.89	0.0317025
-1.88	0.0328235
-1.87	0.0339722
-1.86	0.0351495
-1.85	0.0363561
-1.84	0.0375931
-1.83	0.0388613
-1.82	0.0401618
-1.81	0.0414956
-1.8	0.0428636
-1.79	0.044267
-1.78	0.0457069
-1.77	0.0471843
-1.76	0.0487004
-1.75	0.0502563
-1.74	0.0518532
-1.73	0.0534924
-1.72	0.055175
-1.71	0.0569023
-1.7	0.0586755
-1.69	0.0604959
-1.68	0.0623649
-1.67	0.0642837
-1.66	0.0662536
-1.65	0.0682759
-1.64	0.0703521
-1.63	0.0724834
-1.62	0.0746712
-1.61	0.0769168
-1.6	0.0792217
-1.59	0.0815872
-1.58	0.0840146
-1.57	0.0865053
-1.56	0.0890607
-1.55	0.0916821
-1.54	0.0943709
-1.53	0.0971284
-1.52	0.0999559
-1.51	0.102855
-1.5	0.105826
-1.49	0.108872
-1.48	0.111993
-1.47	0.11519
-1.46	0.118464
-1.45	0.121818
-1.44	0.125252
-1.43	0.128767
-1.42	0.132364
-1.41	0.136044
-1.4	0.139809
-1.39	0.143659
-1.38	0.147596
-1.37	0.15162
-1.36	0.155733
-1.35	0.159934
-1.34	0.164225
-1.33	0.168607
-1.32	0.17308
-1.31	0.177645
-1.3	0.182303
-1.29	0.187054
-1.28	0.191898
-1.27	0.196836
-1.26	0.201869
-1.25	0.206996
-1.24	0.212219
-1.23	0.217536
-1.22	0.222949
-1.21	0.228457
-1.2	0.23406
-1.19	0.239759
-1.18	0.245552
-1.17	0.251441
-1.16	0.257423
-1.15	0.2635
-1.14	0.269671
-1.13	0.275934
-1.12	0.28229
-1.11	0.288738
-1.1	0.295277
-1.09	0.301906
-1.08	0.308625
-1.07	0.315432
-1.06	0.322326
-1.05	0.329306
-1.04	0.336371
-1.03	0.343519
-1.02	0.35075
-1.01	0.358061
-1	0.365451
-0.99	0.372918
-0.98	0.380461
-0.97	0.388078
-0.96	0.395768
-0.95	0.403527
-0.94	0.411354
-0.93	0.419247
-0.92	0.427203
-0.91	0.435221
-0.9	0.443298
-0.89	0.451432
-0.88	0.45962
-0.87	0.467859
-0.86	0.476147
-0.85	0.484481
-0.84	0.492859
-0.83	0.501278
-0.82	0.509734
-0.81	0.518225
-0.8	0.526747
-0.79	0.535298
-0.78	0.543874
-0.77	0.552473
-0.76	0.561091
-0.75	0.569724
-0.74	0.578369
-0.73	0.587023
-0.72	0.595683
-0.71	0.604344
-0.7	0.613004
-0.69	0.621658
-0.68	0.630303
-0.67	0.638936
-0.66	0.647553
-0.65	0.656149
-0.64	0.664722
-0.63	0.673267
-0.62	0.68178
-0.61	0.690259
-0.6	0.698698
-0.59	0.707095
-0.58	0.715445
-0.57	0.723744
-0.56	0.731988
-0.55	0.740175
-0.54	0.748299
-0.53	0.756357
-0.52	0.764345
-0.51	0.772259
-0.5	0.780095
-0.49	0.78785
-0.48	0.795519
-0.47	0.8031
-0.46	0.810587
-0.45	0.817978
-0.44	0.825268
-0.43	0.832454
-0.42	0.839533
-0.41	0.8465
-0.4	0.853352
-0.39	0.860086
-0.38	0.866698
-0.37	0.873184
-0.36	0.879542
-0.35	0.885768
-0.34	0.891858
-0.33	0.89781
-0.32	0.90362
-0.31	0.909286
-0.3	0.914803
-0.29	0.92017
-0.28	0.925383
-0.27	0.93044
-0.26	0.935338
-0.25	0.940074
-0.24	0.944646
-0.23	0.949051
-0.22	0.953286
-0.21	0.95735
-0.2	0.961241
-0.19	0.964955
-0.18	0.968492
-0.17	0.971849
-0.16	0.975024
-0.15	0.978016
-0.14	0.980822
-0.13	0.983442
-0.12	0.985874
-0.11	0.988116
-0.1	0.990168
-0.09	0.992028
-0.08	0.993695
-0.07	0.995168
-0.06	0.996447
-0.05	0.99753
-0.04	0.998418
-0.03	0.999109
-0.02	0.999603
-0.01	0.9999
-6.23078e-14	1
0.01	0.999902
0.02	0.999608
0.03	0.999116
0.04	0.998427
0.05	0.997542
0.06	0.996461
0.07	0.995185
0.08	0.993714
0.09	0.99205
0.1	0.990192
0.11	0.988143
0.12	0.985903
0.13	0.983473
0.14	0.980855
0.15	0.978051
0.16	0.975061
0.17	0.971888
0.18	0.968533
0.19	0.964999
0.2	0.961286
0.21	0.957397
0.22	0.953335
0.23	0.949101
0.24	0.944698
0.25	0.940128
0.26	0.935393
0.27	0.930497
0.28	0.925441
0.29	0.920229
0.3	0.914863
0.31	0.909347
0.32	0.903682
0.33	0.897873
0.34	0.891922
0.35	0.885832
0.36	0.879607
0.37	0.87325
0.38	0.866764
0.39	0.860152
0.4	0.853419
0.41	0.846567
0.42	0.8396
0.43	0.832521
0.44	0.825335
0.45	0.818045
0.46	0.810654
0.47	0.803166
0.48	0.795585
0.49	0.787915
0.5	0.78016
0.51	0.772323
0.52	0.764408
0.53	0.756419
0.54	0.748361
0.55	0.740236
0.56	0.732048
0.57	0.723802
0.58	0.715502
0.59	0.707151
0.6	0.698753
0.61	0.690312
0.62	0.681832
0.63	0.673317
0.64	0.66477
0.65	0.656196
0.66	0.647597
0.67	0.638979
0.68	0.630344
0.69	0.621697
0.7	0.613041
0.71	0.604379
0.72	0.595716
0.73	0.587054
0.74	0.578398
0.75	0.56975
0.76	0.561115
0.77	0.552495
0.78	0.543894
0.79	0.535315
0.8	0.526762
0.81	0.518237
0.82	0.509744
0.83	0.501285
0.84	0.492864
0.85	0.484484
0.86	0.476147
0.87	0.467857
0.88	0.459615
0.89	0.451425
0.9	0.443289
0.91	0.435209
0.92	0.427189
0.93	0.41923
0.94	0.411335
0.95	0.403506
0.96	0.395744
0.97	0.388053
0.98	0.380434
0.99	0.372889
1	0.365419
1.01	0.358027
1.02	0.350714
1.03	0.343482
1.04	0.336331
1.05	0.329265
1.06	0.322283
1.07	0.315387
1.08	0.308579
1.09	0.301859
1.1	0.295228
1.11	0.288688
1.12	0.282239
1.13	0.275881
1.14	0.269616
1.15	0.263445
1.16	0.257367
1.17	0.251383
1.18	0.245494
1.19	0.2397
1.2	0.234001
1.21	0.228397
1.22	0.222889
1.23	0.217475
1.24	0.212158
1.25	0.206935
1.26	0.201808
1.27	0.196775
1.28	0.191836
1.29	0.186992
1.3	0.182242
1.31	0.177585
1.32	0.17302
1.33	0.168547
1.34	0.164166
1.35	0.159876
1.36	0.155675
1.37	0.151564
1.38	0.14754
1.39	0.143605
1.4	0.139755
1.41	0.135992
1.42	0.132312
1.43	0.128717
1.44	0.125203
1.45	0.121771
1.46	0.118419
1.47	0.115146
1.48	0.11195
1.49	0.108831
1.5	0.105788
1.51	0.102818
1.52	0.099921
1.53	0.0970954
1.54	0.0943399
1.55	0.0916531
1.56	0.0890338
1.57	0.0864805
1.58	0.083992
1.59	0.0815667
1.6	0.0792035
1.61	0.0769008
1.62	0.0746574
1.63	0.0724719
1.64	0.0703429
1.65	0.068269
1.66	0.0662489
1.67	0.0642813
1.68	0.0623648
1.69	0.0604982
1.7	0.05868
1.71	0.0569091
1.72	0.055184
1.73	0.0535036
1.74	0.0518667
1.75	0.0502719
1.76	0.0487182
1.77	0.0472042
1.78	0.0457289
1.79	0.0442911
1.8	0.0428897
1.81	0.0415236
1.82	0.0401917
1.83	0.038893
1.84	0.0376266
1.85	0.0363914
1.86	0.0351864
1.87	0.0340108
1.88	0.0328636
1.89	0.031744
1.9	0.0306512
1.91	0.0295843
1.92	0.0285425
1.93	0.0275252
1.94	0.0265316
1.95	0.0255611
1.96	0.0246129
1.97	0.0236865
1.98	0.0227812
1.99	0.0218965
2	0.021032
2.01	0.0201869
2.02	0.019361
2.03	0.0185537
2.04	0.0177646
2.05	0.0169934
2.06	0.0162396
2.07	0.015503
2.08	0.0147832
2.09	0.0140799
2.1	0.0133929
2.11	0.0127219
2.12	0.0120667
2.13	0.011427
2.14	0.0108029
2.15	0.010194
2.16	0.00960017
2.17	0.00902139
2.18	0.0084575
2.19	0.00790842
2.2	0.00737406
2.21	0.00685437
2.22	0.00634929
2.23	0.00585879
2.24	0.00538282
2.25	0.00492138
2.26	0.00447444
2.27	0.00404199
2.28	0.00362404
2.29	0.00322059
2.3	0.00283164
2.31	0.0024572
2.32	0.00209728
2.33	0.00175188
2.34	0.00142101
2.35	0.00110468
2.36	0.000802879
2.37	0.000515616
2.38	0.000242877
2.39	-1.53529e-05
2.4	-0.000259095
2.41	-0.00048838
2.42	-0.000703247
2.43	-0.000903745
2.44	-0.00108993
2.45	-0.00126188
2.46	-0.00141967
2.47	-0.00156341
2.48	-0.00169318
2.49	-0.00180913
2.5	-0.00191139
2.51	-0.00200011
2.52	-0.00207545
2.53	-0.0021376
2.54	-0.00218676
2.55	-0.00222314
2.56	-0.00224697
2.57	-0.00225851
2.58	-0.00225801
2.59	-0.00224575
2.6	-0.00222204
2.61	-0.00218719
2.62	-0.00214153
2.63	-0.00208541
2.64	-0.00201918
2.65	-0.00194324
2.66	-0.00185797
2.67	-0.00176378
2.68	-0.00166109
2.69	-0.00155035
2.7	-0.001432
2.71	-0.00130651
2.72	-0.00117436
2.73	-0.00103602
2.74	-0.000892001
2.75	-0.000742806
2.76	-0.000588952
2.77	-0.000430962
2.78	-0.000269366
2.79	-0.000104701
2.8	6.24919e-05
2.81	0.000231668
2.82	0.000402279
2.83	0.000573775
2.84	0.000745609
2.85	0.000917229
2.86	0.00108809
2.87	0.00125765
2.88	0.00142537
2.89	0.00159071
2.9	0.00175315
2.91	0.00191217
2.92	0.00206727
2.93	0.00221794
2.94	0.0023637
2.95	0.00250408
2.96	0.00263861
2.97	0.00276687
2.98	0.00288842
2.99	0.00300286
3	0.00310979
3.01	0.00320886
3.02	0.00329972
3.03	0.00338205
3.04	0.00345554
3.05	0.00351993
3.06	0.00357496
3.07	0.00362041
3.08	0.00365609
3.09	0.00368183
3.1	0.0036975
3.11	0.00370298
3.12	0.00369819
3.13	0.00368309
3.14	0.00365765
3.15	0.0036219
3.16	0.00357587
3.17	0.00351964
3.18	0.00345332
3.19	0.00337705
3.2	0.00329099
3.21	0.00319536
3.22	0.00309038
3.23	0.00297632
3.24	0.00285347
3.25	0.00272215
3.26	0.00258273
3.27	0.00243557
3.28	0.0022811
3.29	0.00211974
3.3	0.00195196
3.31	0.00177825
3.32	0.0015991
3.33	0.00141507
3.34	0.00122669
3.35	0.00103454
3.36	0.000839207
3.37	0.0006413
3.38	0.000441437
3.39	0.000240251
3.4	3.8384e-05
3.41	-0.000163511
3.42	-0.000364775
3.43	-0.000564744
3.44	-0.000762752
3.45	-0.000958132
3.46	-0.00115022
3.47	-0.00133835
3.48	-0.00152187
3.49	-0.00170014
3.5	-0.00187251
3.51	-0.00203836
3.52	-0.00219709
3.53	-0.0023481
3.54	-0.00249083
3.55	-0.00262472
3.56	-0.00274926
3.57	-0.00286395
3.58	-0.00296832
3.59	-0.00306193
3.6	-0.00314438
3.61	-0.00321531
3.62	-0.00327438
3.63	-0.00332131
3.64	-0.00335583
3.65	-0.00337776
3.66	-0.00338691
3.67	-0.00338318
3.68	-0.00336649
3.69	-0.00333683
3.7	-0.00329421
3.71	-0.00323872
3.72	-0.00317047
3.73	-0.00308966
3.74	-0.00299651
3.75	-0.0028913
3.76	-0.00277436
3.77	-0.00264608
3.78	-0.0025069
3.79	-0.00235729
3.8	-0.00219781
3.81	-0.00202903
3.82	-0.00185159
3.83	-0.00166615
3.84	-0.00147345
3.85	-0.00127425
3.86	-0.00106935
3.87	-0.00085959
3.88	-0.000645847
3.89	-0.000429027
3.9	-0.000210066
3.91	1.00757e-05
3.92	0.000230415
3.93	0.000449953
3.94	0.000667674
3.95	0.000882555
3.96	0.00109357
3.97	0.00129968
3.98	0.00149987
3.99	0.00169312
4	0.00187843
4.01	0.00205481
4.02	0.0022213
4.03	0.00237698
4.04	0.00252094
4.05	0.00265234
4.06	0.00277036
4.07	0.00287425
4.08	0.0029633
4.09	0.00303688
4.1	0.00309441
4.11	0.0031354
4.12	0.00315941
4.13	0.00316611
4.14	0.00315525
4.15	0.00312666
4.16	0.00308027
4.17	0.0030161
4.18	0.0029343
4.19	0.00283509
4.2	0.00271882
4.21	0.00258594
4.22	0.00243701
4.23	0.0022727
4.24	0.00209379
4.25	0.00190119
4.26	0.00169589
4.27	0.00147901
4.28	0.00125177
4.29	0.00101548
4.3	0.000771574
4.31	0.000521556
4.32	0.000267025
4.33	9.66298e-06
4.34	-0.00024878
4.35	-0.000506487
4.36	-0.00076159
4.37	-0.00101217
4.38	-0.00125629
4.39	-0.00149199
4.4	-0.00171728
4.41	-0.00193022
4.42	-0.00212886
4.43	-0.00231132
4.44	-0.00247574
4.45	-0.00262038
4.46	-0.00274356
4.47	-0.00284373
4.48	-0.00291947
4.49	-0.00296952
4.5	-0.00299278
4.51	-0.00298837
4.52	-0.00295559
4.53	-0.00289401
4.54	-0.00280345
4.55	-0.00268399
4.56	-0.00253603
4.57	-0.00236026
4.58	-0.00215771
4.59	-0.00192975
4.6	-0.00167811
4.61	-0.00140489
4.62	-0.00111254
4.63	-0.000803912
4.64	-0.00048221
4.65	-0.000151016
4.66	0.00018573
4.67	0.000523751
4.68	0.000858449
4.69	0.00118494
4.7	0.00149809
4.71	0.00179257
4.72	0.00206289
4.73	0.00230352
4.74	0.00250889
4.75	0.00267357
4.76	0.00279231
4.77	0.00286021
4.78	0.00287285
4.79	0.00282643
4.8	0.00271797
4.81	0.0025455
4.82	0.00230833
4.83	0.00200723
4.84	0.00164477
4.85	0.00122562
4.86	0.00075685
4.87	0.00024838
4.88	-0.00028666
4.89	-0.000831454
4.9	-0.001365
4.91	-0.00186157
4.92	-0.0022901
4.93	-0.00261358
4.94	-0.0027883
4.95	-0.00276312
4.96	-0.00247863
4.97	-0.00186624
4.98	-0.00084726
4.99	0.000668226
5	0.00278243


